169
187
196
196
194
191
190
177
97
107
178
189
190
192
179
183
187
178
105
138
180
182
189
190
185
184
187
148
80
143
179
185
191
185
184
180
185
133
60
157
182
186
189
182
184
184
179
89
50
158
181
184
189
185
185
185
176
66
83
174
193
196
191
191
191
190
145
49
126
177
192
195
192
191
190
187
138
69
157
189
196
196
192
190
186
186
108
83
168
177
185
189
184
186
188
183
96
107
176
186
193
192
185
177
183
164
99
139
180
183
185
186
186
188
186
160
96
152
181
187
193
188
184
181
182
122
66
160
180
187
184
184
186
188
183
94
67
165
190
195
195
195
193
190
159
52
92
175
192
194
191
187
190
189
153
50
128
180
191
195
195
187
186
187
102
57
153
179
189
190
185
180
186
183
106
90
169
184
182
189
185
183
185
173
95
109
173
184
189
188
185
183
183
170
101
145
181
186
189
186
181
185
185
142
100
154
183
186
189
186
185
187
180
129
73
169
192
195
194
190
192
190
179
89
80
167
182
186
191
185
187
190
164
55
100
173
185
192
188
176
180
184
131
41
131
175
178
189
187
183
186
185
118
45
153
181
186
191
186
182
180
176
91
82
168
183
182
188
182
185
187
179
96
117
176
186
191
190
185
185
180
146
94
149
183
187
191
181
182
185
188
151
97
163
185
195
198
194
194
190
184
117
82
169
190
194
191
177
184
185
179
91
82
171
178
189
190
185
185
188
146
46
108
173
182
190
189
181
178
187
145
37
136
179
184
189
185
182
185
186
102
48
154
178
186
190
186
185
181
177
88
92
173
186
190
186
182
184
187
162
83
124
177
191
195
195
191
191
188
161
96
156
189
195
197
191
190
190
191
131
103
169
180
186
190
186
186
186
185
122
91
172
184
190
193
184
178
184
168
90
92
173
181
181
189
181
187
189
169
52
113
177
185
193
189
184
182
185
112
33
143
178
184
187
185
185
188
186
106
55
159
188
197
195
194
193
190
174
76
91
176
191
195
193
187
190
189
177
88
131
177
183
191
189
181
185
188
137
86
149
179
186
192
187
179
185
187
140
101
169
185
181
191
184
182
184
181
115
89
170
182
190
190
184
184
184
179
86
106
177
187
190
188
183
186
188
139
47
126
181
193
195
195
190
191
185
121
37
147
188
198
195
192
193
192
185
84
58
161
179
186
189
184
185
187
174
84
91
172
185
191
190
179
184
186
153
87
134
180
177
190
187
184
185
187
156
89
153
180
188
194
188
180
181
185
123
97
169
184
184
188
181
185
189
184
124
102
173
185
190
193
186
187
183
159
87
115
181
193
196
190
190
192
190
161
67
135
181
193
196
195
194
192
185
108
33
147
181
185
195
182
181
186
178
86
51
165
178
188
190
185
185
185
168
59
97
171
182
191
190
183
180
186
163
80
139
180
184
186
187
180
185
190
135
80
153
178
184
190
186
185
181
182
132
100
173
192
195
189
190
190
191
179
118
116
173
190
195
194
191
193
190
172
91
126
184
195
195
186
178
182
186
137
65
136
169
179
191
182
183
187
188
110
38
151
179
187
192
184
170
184
176
72
55
162
178
179
189
180
185
186
176
69
101
172
182
190
190
182
177
179
142
75
144
181
186
182
181
182
182
188
149
83
154
187
193
195
195
193
191
179
112
93
171
190
195
191
185
191
189
184
119
114
176
188
196
195
185
186
185
153
85
132
177
182
191
188
172
184
186
144
59
147
181
177
190
185
182
184
185
92
18
147
178
187
192
185
181
183
178
67
53
164
183
185
186
180
183
187
160
47
96
172
184
190
190
184
188
181
155
72
144
187
195
196
190
191
192
191
124
80
160
184
194
195
192
193
195
182
116
98
176
192
197
193
180
181
187
173
107
121
177
178
188
189
185
186
186
174
88
134
178
185
192
187
180
182
184
132
62
147
179
184
190
184
184
186
183
110
45
153
182
190
193
184
183
181
174
65
68
165
182
189
185
184
188
187
174
63
111
177
193
197
195
194
193
188
132
70
149
185
195
195
190
193
192
186
138
91
169
188
195
197
194
191
190
181
103
102
172
185
190
191
184
183
187
179
115
132
179
184
188
188
184
185
186
157
91
139
178
183
192
186
184
182
184
144
61
149
180
188
188
183
182
186
182
91
43
152
179
187
189
185
186
187
175
69
78
174
194
198
194
190
190
190
152
56
120
176
191
194
192
192
190
189
139
74
153
188
196
197
186
179
183
187
107
75
164
179
183
190
185
186
189
179
107
103
175
186
190