2547
2639
2264
2252
2237
2230
2253
2238
2245
2221
2682
2560
2250
2256
2239
2229
2244
2244
2242
2254
2590
2434
2253
2246
2226
2239
2256
2248
2254
2467
2726
2333
2259
2252
2229
2240
2243
2251
2242
2542
2904
2259
2253
2233
2225
2241
2252
2257
2280
2791
2746
2274
2245
2230
2236
2246
2253
2245
2262
2935
2503
2250
2242
2233
2235
2249
2253
2248
2454
2755
2350
2255
2246
2232
2240
2254
2249
2234
2497
2668
2236
2250
2243
2230
2247
2245
2253
2242
2670
2568
2260
2249
2239
2230
2250
2248
2244
2262
2642
2445
2260
2244
2229
2232
2261
2253
2256
2315
2705
2356
2243
2252
2231
2241
2253
2242
2249
2426
2867
2325
2252
2235
2226
2249
2258
2258
2229
2638
2780
2260
2255
2243
2232
2248
2248
2247
2249
2691
2654
2244
2251
2231
2234
2254
2252
2257
2353
2893
2385
2247
2244
2229
2237
2262
2254
2246
2444
2729
2279
2251
2251
2230
2252
2247
2252
2260
2671
2712
2286
2257
2238
2235
2256
2252
2250
2237
2681
2555
2258
2260
2237
2235
2262
2265
2243
2326
2608
2385
2260
2253
2232
2236
2257
2248
2245
2335
2655
2309
2261
2248
2229
2244
2258
2263
2237
2617
2815
2267
2257
2256
2244
2252
2257
2246
2249
2747
2858
2281
2255
2237
2239
2258
2261
2255
2301
2858
2515
2260
2251
2243
2239
2264
2239
2248
2343
2816
2347
2259
2265
2235
2241
2264
2257
2255
2637
2675
2239
2253
2244
2236
2258
2254
2255
2250
2581
2660
2272
2260
2236
2245
2257
2265
2257
2244
2748
2580
2276
2260
2243
2244
2258
2242
2257
2317
2593
2321
2251
2256
2233
2248
2279
2257
2259
2497
2697
2281
2258
2266
2235
2254
2249
2250
2247
2627
2777
2232
2252
2244
2233
2264
2265
2282
2268
2849
2575
2256
2247
2236
2268
2270
2261
2249
2294
2925
2460
2324
2296
2257
2249
2263
2273
2242
2552
3041
2358
2262
2250
2235
2241
2342
2326
2288
2777
2819
2289
2263
2344
2345
2314
2274
2253
2218
2727
2709
2354
2307
2234
2241
2239
2244
2362
2382
2756
2445
2248
2244
2231
2378
2349
2337
2252
2479
2643
2301
2373
2321
2320
2249
2252
2239
2231
2644
2776
2353
2246
2243
2236
2259
2386
2336
2269
2768
2857
2258
2252
2354
2306
2336
2254
2253
2261
2872
2665
2314
2343
2236
2246
2273
2250
2382
2457
3121
2365
2253
2256
2232
2378
2315
2337
2256
2564
2987
2270
2374
2316
2334
2261
2276
2268
2244
2923
2821
2337
2257
2233
2241
2259
2372
2337
2342
2733
2541
2252
2253
2357
2347
2341
2265
2245
2388
2717
2438
2352
2317
2242
2249
2260
2258
2349
2582
2751
2275
2263
2250
2236
2350
2375
2339
2280
2614
2790
2263
2341
2356
2323
2257
2258
2255
2250
2907
2892
2355
2263
2242
2257
2261
2363
2413
2422
3007
2511
2264
2252
2330
2398
2345
2260
2243
2509
2840
2407
2418
2335
2251
2259
2268
2265
2345
2968
3084
2283
2271
2251
2244
2318
2402
2343
2266
2722
2586
2270
2316
2429
2337
2280
2273
2263
2281
2870
2618
2351
2270
2246
2254
2262
2301
2442
2471
2797
2304
2260
2258
2280
2443
2352
2278
2260
2451
2713
2281
2430
2322
2255
2268
2253
2257
2280
2914
2869
2285
2276
2247
2249
2298
2456
2354
2220
2764
2647
2247
2270
2420
2332
2273
2265
2244
2340
2952
2490
2351
2277
2253
2263
2276
2284
2467
2731
2989
2267
2261
2252
2252
2453
2325
2274
2257
2811
2723
2270
2459
2322
2269
2285
2266
2266
2263
3091
2705
2291
2274
2240
2246
2253
2452
2328
2348
2711
2337
2267
2259
2443
2336
2293
2293
2222
2533
2710
2417
2337
2272
2264
2260
2254
2259
2424
2708
2788
2310
2261
2250
2243
2442
2340
2289
2123
2844
2657
2228
2433
2315
2270
2289
2256
2228
2291
3050
2483
2299
2292
2248
2262
2280
2463
2341
2521
2961
2308
2257
2255
2429
2328
2289
2293
2246
2727
2936
2459
2342
2285
2295
2279
2283
2265
2354
3065
2779
2323
2261
2241
2242
2420
2339
2291
2348
2845
2456
2260
2442
2333
2298
2317
2265
2269
2389
2835
2378
2293
2296
2244
2261
2254
2425
2352
2651
2742
2276
2264
2252
2426
2357
2301
2316
2199
2778
2744
2418
2354
2289
2304
2266
2252
2261
2431
2876
2540
2305
2265
2245
2250
2407
2384
2311
2439
2952
2370
2261
2389
2356
2302
2297
2271
2253
2637
3093
2390
2313
2294
2250
2269
2273
2383
2312
2945
2982
2267
2265
2238
2365
2391
2310
2279
2267
2906
2666
2382
2394
2303
2311
2278
2279
2265
2495
2929
2431
2312
2264
2240
2258
2357
2412
2288
2568
2770
2296
2263
2349
2427
2320
2331
2282
2288
2658
2729
2431
2314
2296
2264
2263
2262
2328
2441
2684
2711
2271
2256
2247
2328
2444
2320
2326
2189
2788
2387
2310
2418
2309
2292
2279
2251
2248
2491
2988
2372
2305
2282
2245
2267
2322
2469
2334
2798
3020
2279
2255
2284
2446
2316
2305
2284
2256
2948
2768
2476
2331
2302
2287
2275
2268
2308
2444
2855
2522
2292
2268
2242
2277
2446
2317
2285
2460
2753
2293
2283
2473
2310
2310
2316
2271
2266
2580
3021
2346
2306
2280
2247
2263
2265
2483
2313
2689
2688
2255
2275
2262
2489
2329
2323
2307
2219
2668
2556
2490
2317
2288
2301
2262
2260
2250
2587
2881
2391
2308
2272
2242
2267
2492
2332
2259
2676
3009
2267
2264
2459
2312
2298
2321
2270
2248
2957
2992
2331
2301
2305
2251
2268
2274
2469
2341
3022
2615
2261
2259
2245
2452
2319
2291
2293
2333
2817
2379
2464
2323
2285
2309
2280
2260
2265
2728
2945
2290
2315
2252
2247
2260
2460
2332
2286
2622
2686
2261
2262
2458
2337
2309
2323
2268
2249
2692
2835
2347
2292
2297
2247
2268
2261
2472
2394
2667
2470
2267
2257
2242
2451
2358
2300
2335
2528
2789
2287
2449
2338
2279
2306
2263
2258
2256
2831
3051
2323
2297