710
719
720
715
719
717
714
723
712
696
713
723
718
722
729
722
714
701
731
712
717
719
714
715
717
715
712
728
741
712
721
728
713
726
736
722
708
725
731
709
718
717
715
716
718
714
719
698
697
712
721
722
722
729
729
715
708
703
702
715
723
715
715
721
715
714
719
694
706
719
726
714
724
732
718
709
687
693
709
716
718
717
718
716
712
724
702
711
705
707
708
710
712
724
714
696
701
695
714
720
716
716
716
717
710
717
706
705
720
727
714
727
731
719
715
708
703
708
723
719
714
718
715
715
718
706
710
712
726
723
718
732
729
720
697
700
706
718
716
715
715
719
717
710
727
704
703
722
728
716
725
729
721
709
689
713
713
718
722
716
717
718
714
718
746
718
710
722
727
715
728
728
714
687
725
705
708
710
715
716
719
716
710
721
718
702
715
725
717
723
733
726
714
707
726
703
717
718
715
715
717
713
714
730
729
709
725
721
715
730
731
719
704
732
711
711
717
715
714
717
716
712
720
733
717
722
726
717
721
731
728
714
701
698
702
718
720
714
717
716
715
719
706
692
705
722
727
717
728
730
714
706
695
692
711
722
719
719
715
717
711
721
705
695
714
727
717
725
731
723
712
700
709
707
715
719
716
717
716
715
717
706
695
705
719
726
716
729
731
719
702
709
701
709
718
715
716
718
715
713
717
721
714
714
725
721
719
737
730
712
703
716
704
711
719
715
717
721
715
717
713
689
707
719
729
716
726
734
718
713
700
686
706
717
719
715
716
716
710
721
730
720
715
724
722
721
730
725
714
695
739
715
713
719
715
712
715
713
711
716
734
709
719
727
716
723
728
721
707
712
727
710
717
718
716
715
720
711
720
727
722
713
721
722
720
732
730
717
702
726
707
712
721
715
717
719
718
712
724
747
712
720
727
714
721
730
727
713
708
695
708
715
719
715
719
716
715
722
719
694
711
723
727
720
732
734
717
704
705
701
713
720
715
715
720
716
712
720
713
705
719
730
717
721
736
721
715
694
708
710
715
721
714
715
716
714
720
715
722
712
724
725
720
732
727
719
707
720
705
714
716
716
715
719
718
714
720
720
709
714
729
717
726
731
727
708
696
708
704
718
719
715
717
718
716
716
707
695
708
724
727
720
725
726
715
703
702
701
710
716
716
716
715
715
710
723
741
707
713
728
720
722
733
723
713
706
731
709
717
719
714
716
719
715
717
725
718
716
719
725
718
728
727
721
697
717
719
713
717
719
717
718
714
709
718
735
715
716
721
719
718
730
723
713
713
729
702
713
717
715
716
720
715
712
727
736
702
720
727
715
721
729
716
712
699
694
707
714
715
713
719
718
711
722
694
687
706
728
724
720
729
720
715
696
704
706
715
720
715
712
715
714
711
711
701
705
714
724
716
727
732
723
706
689
703
709
720
719
717
715
714
711
719
714
707
710
720
719
722
732
725
714
696
701
688
709
718
716
717
716
714
711
723
700
700
715
728
713
720
729
722
705
699
679
704
712
715
716
714
718
714
720
701
716
713
725
725
723
729
729
714
696
692
696
710
716
715
712
721
716
714
721
720
706
718
727
714
721
732
717
712
709
730
708
717
720
712
716
713
714
719
721
717
709
722
724
719
730
728
719
695
716
710
714
718
717
716
711
715
706
716
720
710
706
708
706
704
706
710
705
701
711
702
707
716
716
719
718
711
715
727
738
708
724
723
719
725
726
719
704
730
713
710
714
715
714
720
716
713
725
703
699
713
726
720
724
734
728
712
698
711
702
714
719
715
713
718
716
714
708
708
706
718
727
714
728
730
715
704
696
708
710
718
718
714
717
714
712
718
709
700
706
706
705
706
710
710
703
695
684
698
713
718
717
717
717
712
711
708
691
707
721
727
714
720
725
723
695
690
697
708
717
721
716
719
718
714
721
694
694
709
729
726
720
727
720
713
690
686
704
710
720
714
713
719
719
713
711
692
701
718
727
718
727
731
718
701
716
720
706
710
711
714
709
712
707
718
731
721
706
705
715
721
730
726
714
699
717
702
715
722
715
715
716
714
711
725
727
709
717
720
712
720
734
723
714
706
710
704
716
720
713
720
718
712
718
739
718
713
728
725
716
733
730
714
692
727
705
708
717
715
715
715
715
710
723
698
698
717
727
718
724
729
714
705
702
703
703
710
713
712
708
710
711
717
713
697
707
714
720
713
727
731
713
700
703
700
714
717
716
714
714
713
713
719
712
707
715
729
715
724
736
726
714
677
659
697
718
719
715