63
71
30
1
79
91
90
75
73
90
99
96
30
5
55
68
83
87
74
78
84
32
0
22
88
90
99
94
66
79
95
71
4
51
81
57
74
77
74
86
89
22
0
57
86
93
100
93
90
76
75
23
3
78
86
84
63
56
74
88
62
5
18
64
76
94
97
90
94
99
63
4
41
87
85
90
83
48
68
88
44
8
72
93
69
88
85
91
97
97
56
1
59
80
84
91
76
80
65
57
8
5
81
90
96
76
72
89
97
84
10
24
59
67
82
83
72
83
91
19
0
50
89
90
100
94
71
79
87
53
0
69
85
58
72
70
76
85
77
13
0
65
82
95
102
90
91
77
71
12
19
84
83
86
64
56
72
90
54
3
51
69
75
91
94
89
94
100
60
1
56
85
82
90
80
52
64
80
32
0
75
91
77
82
82
90
99
90
23
1
60
72
83
89
74
79
70
37
0
16
84
90
98
80
71
85
96
73
3
45
64
59
81
81
69
85
90
18
0
59
90
92
100
89
75
78
78
37
2
76
81
68
67
61
76
91
62
7
7
64
77
98
99
90
94
86
66
9
49
87
82
89
71
47
68
90
51
3
60
77
70
86
91
90
96
98
51
1
59
82
85
92
76
66
63
63
10
2
80
93
88
78
75
90
99
84
12
7
56
67
88
89
75
81
84
16
0
43
89
90
101
91
68
82
94
56
0
62
78
56
77
77
76
87
86
26
0
62
90
93
100
89
87
75
74
22
23
85
84
83
64
56
77
89
60
15
39
66
77
96
98
90
95
96
60
1
53
85
80
91
76
48
66
87
29
0
69
89
73
86
87
90
99
94
33
0
62
82
88
90
75
79
66
44
1
16
86
93
97
75
74
90
98
74
3
39
59
63
85
84
75
84
91
12
0
59
89
91
101
94
68
80
90
43
2
77
87
59
73
70
76
89
76
20
2
68
85
96
98
90
96
78
75
17
33
89
84
90
61
58
73
90
50
1
52
69
76
92
95
90
98
98
42
0
67
97
85
89
78
53
73
75
13
0
78
93
76
82
80
91
99
85
14
6
66
78
86
89
72
81
69
20
0
37
88
94
101
75
71
86
96
64
1
62
64
64
82
78
76
85
88
19
0
68
90
90
100
90
75
80
82
32
19
83
85
67
67
64
78
91
65
7
11
69
81
98
99
90
95
84
62
2
51
88
81
92
63
53
77
92
34
0
65
76
73
89
88
91
100
93
28
0
67
82
84
89
75
61
68
50
3
12
86
93
84
77
74
92
99
80
9
27
62
69
88
84
75
84
80
18
0
62
90
94
101
80
64
84
94
52
9
77
73
58
76
74
76
86
76
20
1
67
88
96
101
90
85
76
76
11
20
83
81
80
60
57
79
94
50
1
37
64
77
98
96
90
99
93
41
0
63
81
82
92
70
48
69
81
15
0
78
85
73
85
87
92
99
82
16
5
65
79
88
89
74
76
65
32
0
33
89
93
94
70
72
93
100
75
4
62
62
66
88
78
74
87
87
18
0
74
90
95
100
89
69
81
89
39
5
79
83
59
69
68
80
89
61
4
7
70
89
98
98
90
95
76
62
3
42
85
84
90
55
56
78
93
27
0
65
66
76
97
89
90
97
91
26
0
71
83
83
90
77
51
70
62
6
8
84
93
74
82
82
93
100
86
11
16
67
75
88
83
70
83
68
31
0
64
90
93
102
69
71
86
96
61
12
79
62
63
84
75
75
87
80
11
0
73
89
97
100
90
72
81
80
13
18
83
83
61
68
66
82
91
46
1
20
71
82
99
98
90
98
78
40
0
61
84
84
93
54
55
78
87
19
0
74
70
75
90
88
92
99
87
22
9
74
84
89
88
76
60
69
45
2
37
88
91
81
74
75
94
100
80
15
49
63
70
89
81
75
86
74
20
0
72
92
93
100
73
71
87
93
36
2
80
67
62
75
71
81
91
64
6
8
74
91
99
97
89
79
77
64
3
40
85
84
78
59
58
82
89
28
0
50
66
77
96
92
90
97
80
22
0
72
85
85
90
63
52
73
72
14
8
85
81
73
83
86
95
99
88
15
17
70
81
90
85
73
75
65
34
8
61
90
94
94
68
74
96
98
63
2
60
60
65
89
77
80
88
82
7
0
77
93
96
100
85
70
83
84
16
16
82
81
60
67
70
82
90
45
1
23
73
90
99
96
89
90
72
47
0
59
85
85
88
51
56
80
84
22
0
72
67
75
96
91
91
99
87
17
4
79
84
86
86
72
52
73
57