1198
1185
1199
1202
1198
1176
1352
1356
1196
1197
1192
1183
1194
1188
1184
1191
1378
1287
1192
1198
1186
1186
1202
1198
1185
1194
1345
1233
1187
1193
1183
1186
1196
1189
1170
1230
1346
1210
1196
1198
1186
1190
1196
1192
1183
1305
1402
1208
1188
1187
1181
1186
1191
1187
1187
1372
1352
1199
1200
1189
1186
1203
1204
1181
1207
1403
1274
1188
1200
1187
1186
1196
1191
1178
1264
1444
1234
1198
1196
1182
1196
1208
1201
1175
1283
1351
1204
1193
1189
1184
1195
1188
1191
1192
1334
1312
1197
1196
1185
1183
1198
1204
1195
1213
1344
1260
1193
1192
1184
1177
1199
1191
1177
1212
1318
1210
1189
1197
1180
1185
1197
1192
1184
1233
1360
1210
1176
1173
1175
1176
1177
1181
1180
1327
1374
1206
1198
1191
1189
1199
1195
1195
1180
1403
1333
1194
1194
1183
1183
1197
1190
1180
1221
1423
1252
1195
1195
1184
1189
1208
1200
1182
1299
1387
1204
1195
1196
1181
1189
1194
1187
1184
1302
1344
1200
1194
1192
1181
1199
1201
1192
1197
1314
1308
1187
1198
1185
1187
1194
1189
1184
1196
1310
1219
1183
1176
1171
1175
1176
1178
1173
1230
1330
1196
1185
1191
1183
1189
1196
1189
1180
1280
1379
1207
1196
1197
1185
1195
1200
1193
1180
1386
1351
1195
1192
1187
1180
1196
1194
1187
1199
1387
1289
1196
1199
1183
1190
1207
1195
1186
1269
1396
1217
1194
1195
1183
1190
1193
1188
1182
1279
1386
1199
1193
1190
1184
1194
1204
1192
1179
1309
1329
1190
1175
1176
1182
1177
1181
1178
1189
1306
1255
1183
1173
1181
1187
1202
1200
1189
1220
1347
1237
1192
1197
1184
1189
1199
1188
1181
1256
1371
1209
1197
1196
1177
1195
1200
1194
1194
1335
1376
1201
1194
1190
1186
1196
1197
1184
1190
1398
1324
1196
1196
1186
1193
1198
1203
1187
1160
1429
1267
1201
1189
1182
1184
1196
1190
1181
1260
1365
1189
1176
1172
1175
1179
1187
1176
1177
1313
1343
1195
1188
1195
1182
1191
1189
1183
1182
1348
1315
1192
1199
1190
1186
1197
1200
1191
1202
1328
1239
1189
1196
1183
1185
1194
1190
1167
1221
1332
1226
1201
1201
1183
1197
1206
1191
1181
1278
1388
1207
1192
1193
1180
1194
1196
1184
1189
1354
1352
1191
1190
1194
1181
1199
1200
1191
1180
1415
1298
1185
1175
1170
1177
1175
1181
1185
1229
1368
1238
1188
1197
1182
1191
1194
1194
1188
1281
1353
1212
1200
1192
1184
1191
1193
1192
1185
1311
1322
1198
1197
1189
1181
1196
1205
1187
1195
1335
1280
1193
1195
1186
1182
1196
1188
1189
1203
1316
1239
1187
1195
1184
1189
1198
1192
1192
1254
1378
1218
1193
1197
1180
1194
1187
1183
1182
1340
1385
1198
1185
1173
1176
1174
1182
1184
1194
1390
1349
1200
1192
1190
1188
1197
1197
1184
1197
1387
1257
1194
1194
1192
1189
1204
1197
1189
1244
1369
1226
1194
1191
1179
1187
1191
1183
1187
1285
1356
1201
1196
1191
1180
1202
1197
1196
1195
1304
1295
1193
1197
1188
1182
1195
1193
1180
1195
1347
1267
1185
1193
1185
1187
1200
1197
1177
1234
1372
1225
1185
1194
1190
1187
1194
1186
1180
1267
1374
1210
1182
1174
1173
1189
1199
1190
1187
1371
1421
1196
1198
1187
1185
1201
1194
1180
1192
1384
1314
1187
1203
1188
1194
1203
1195
1181
1232
1415
1266
1200
1196
1181
1188
1191
1200
1190
1253
1380
1216
1188
1193
1192
1204
1205
1188
1194
1333
1353
1206
1206
1192
1180
1192
1188
1183
1203
1365
1306
1198
1192
1190
1187
1206
1210
1193
1215
1337
1262
1198
1200
1199
1190
1195
1188
1181
1243
1362
1239
1195
1193
1178
1192
1203
1199
1200
1315
1418
1211
1193
1191
1189
1204
1195
1186
1189
1349
1323
1198
1204
1191
1183
1198
1193
1186
1214
1393
1291
1195
1197
1186
1185
1196
1205
1190
1221
1420
1225
1195
1197
1207
1202
1203
1197
1182
1267
1350
1225
1195
1195
1181
1195
1191
1187
1201
1324
1308
1189
1196
1192
1187
1218
1199
1186
1206
1309
1251
1188
1208
1188
1187
1193
1190
1182
1205
1360
1259
1191
1195
1182
1189
1204
1210
1193
1265
1419
1216
1194
1192
1211
1196
1195
1189
1179
1330
1392
1223
1201
1193
1190
1200
1201
1188
1204
1409
1332
1200
1197
1186
1180
1205
1191
1181
1209
1395
1238
1189
1212
1192
1190
1201
1195
1184
1247
1373
1222
1195
1192
1179
1192
1197
1206
1190
1308
1330
1197
1197
1191
1215
1204
1198
1194
1203
1325
1269
1209
1202
1189
1183
1197
1191
1184
1217
1335
1248
1189
1193
1183
1189
1217
1209
1189
1230
1395
1225
1195
1208
1194
1191
1193
1190
1183
1296
1450
1225
1200
1197
1182
1197
1200
1209
1197
1371
1341
1194
1195
1189
1201
1198
1191
1182
1197
1406
1281
1216
1195
1180
1179
1200
1189
1184
1267
1387
1231
1194
1195
1184
1187
1205
1201
1185
1269
1349
1199
1197
1209
1200
1196
1206
1195
1184
1316
1337
1200
1195
1191
1182
1194
1190
1201
1200
1321
1287
1193
1196
1183
1201
1212
1194
1189
1230
1348
1236
1200
1205
1185
1188
1189
1187
1187
1262
1380
1201
1192
1190
1180
1188
1215
1208
1190
1346
1401
1204
1193
1203
1204
1196
1194
1185
1191
1362
1322
1216
1195
1187
1187
1198
1193
1198
1225
1365
1250
1192
1188
1185
1190
1203
1188
1185
1244
1345
1220
1198
1206
1189
1192
1200
1193
1185
1299
1349
1206
1195
1191
1185
1191
1198
1206
1193
1302
1309
1185
1193
1196
1211
1204
1200
1185
1181
1350
1254
1208
1197
1187
1189
1195
1190
1195
1256
1390
1245
1189
1193
1182
1195
1218
1197
1179
1295
1405
1218
1196
1207
1188
1196
1191
1182
1181
1364
1382
1196
1198
1198
1187
1193
1197
1205
1193
1361
1302
1192
1191
1185
1206
1197
1191
1185
1215
1356
1187
1212
1198
1185
1193
1199