1023
1021
1032
1026
1025
1076
1182
1049
1016
1012
1014
1018
1018
1030
1020
1098
1155
1032
1038
1031
1023
1032
1029
1025
1022
1130
1119
1031
1035
1030
1021
1036
1043
1029
1032
1137
1076
1029
1035
1029
1024
1033
1030
1024
1037
1122
1066
1033
1036
1024
1028
1043
1035
1032
1066
1172
1051
1032
1033
1019
1028
1031
1029
1022
1113
1169
1030
1035
1032
1022
1037
1040
1029
1021
1167
1138
1034
1031
1028
1026
1035
1029
1019
1035
1196
1104
1023
1016
1016
1015
1019
1019
1012
1033
1170
1062
1024
1034
1023
1029
1034
1030
1023
1086
1160
1033
1029
1039
1022
1031
1042
1035
1024
1106
1126
1030
1036
1028
1019
1030
1039
1025
1032
1132
1092
1034
1041
1029
1024
1043
1036
1029
1045
1132
1048
1029
1033
1024
1028
1037
1025
1021
1057
1144
1051
1035
1037
1019
1032
1040
1039
1021
1104
1190
1039
1034
1031
1023
1031
1035
1022
1027
1155
1178
1030
1019
1015
1018
1017
1015
1014
1007
1157
1099
1019
1032
1028
1025
1037
1026
1019
1044
1137
1033
1029
1036
1024
1028
1040
1037
1024
1082
1158
1035
1031
1034
1022
1028
1035
1028
1025
1098
1138
1036
1029
1029
1024
1035
1037
1028
1040
1135
1107
1020
1035
1033
1026
1038
1034
1025
1038
1139
1073
1026
1036
1026
1028
1041
1036
1022
1067
1175
1046
1019
1015
1015
1015
1014
1019
1015
1101
1203
1046
1022
1028
1022
1030
1039
1028
1025
1152
1154
1033
1038
1034
1024
1034
1029
1019
1031
1166
1122
1034
1035
1023
1029
1042
1038
1033
1044
1149
1049
1025
1034
1024
1026
1034
1032
1013
1059
1133
1031
1030
1032
1023
1038
1046
1037
1018
1100
1135
1037
1034
1034
1021
1033
1035
1020
1028
1117
1130
1029
1032
1030
1023
1044
1040
1023
1033
1120
1094
1019
1015
1015
1017
1019
1015
1013
1056
1165
1067
1035
1031
1022
1030
1039
1031
1025
1097
1208
1047
1030
1032
1021
1031
1035
1025
1025
1114
1162
1041
1035
1031
1024
1034
1040
1028
1035
1149
1108
1032
1036
1029
1023
1039
1032
1023
1035
1139
1068
1030
1035
1022
1030
1042
1034
1019
1062
1131
1035
1032
1033
1023
1029
1035
1023
1018
1082
1134
1030
1015
1015
1017
1020
1017
1016
1019
1104
1132
1025
1016
1015
1026
1033
1029
1028
1033
1136
1107
1028
1030
1029
1026
1035
1040
1027
1056
1191
1082
1033
1034
1029
1030
1031
1027
1019
1098
1187
1053
1031
1032
1020
1031
1045
1038
1026
1106
1122
1033
1036
1033
1020
1040
1031
1026
1031
1101
1107
1026
1033
1032
1027
1037
1037
1025
1036
1117
1080
1026
1034
1023
1024
1027
1029
1017
1043
1116
1028
1015
1014
1018
1018
1016
1015
1015
1075
1142
1036
1015
1032
1026
1035
1032
1023
1024
1120
1122
1029
1028
1033
1020
1032
1037
1028
1026
1147
1120
1029
1040
1024
1026
1035
1034
1022
1046
1181
1090
1037
1036
1021
1027
1038
1039
1028
1061
1168
1056
1033
1036
1027
1031
1031
1024
1021
1101
1128
1032
1028
1030
1020
1035
1040
1030
1030
1116
1107
1023
1017
1015
1015
1020
1016
1016
1023
1108
1076
1019
1018
1014
1016
1032
1038
1022
1038
1119
1049
1029
1029
1025
1031
1034
1030
1021
1066
1140
1046
1035
1035
1026
1036
1043
1030
1027
1111
1174
1042
1042
1037
1023
1036
1030
1028
1030
1184
1133
1025
1033
1026
1028
1039
1040
1030
1020
1190
1087
1029
1033
1028
1026
1034
1030
1017
1054
1157
1052
1030
1033
1024
1031
1039
1035
1023
1078
1148
1040
1031
1032
1022
1033
1028
1026
1016
1100
1117
1028
1031
1029
1026
1035
1040
1026
1026
1109
1074
1026
1034
1024
1023
1031
1031
1023
1045
1136
1063
1032
1035
1024
1028
1040
1032
1027
1072
1168
1047
1033
1036
1025
1030
1033
1024
1026
1126
1189
1040
1036
1036
1023
1041
1038
1029
1024
1170
1168
1031
1034
1028
1023
1034
1034
1020
1038
1162
1077
1028
1034
1026
1025
1040
1039
1023
1060
1144
1063
1029
1027
1025
1028
1032
1023
1022
1077
1116
1036
1031
1029
1022
1034
1041
1035
1017
1084
1128
1033
1030
1029
1024
1033
1031
1020
1026
1114
1082
1024
1032
1026
1025
1039
1039
1024
1021
1136
1060
1029
1030
1029
1027
1035
1025
1017
1060
1160
1061
1024
1036
1025
1031
1040
1029
1019
1113
1218
1050
1038
1038
1024
1032
1028
1021
1023
1180
1148
1034
1038
1035
1021
1040
1039
1027
1031
1148
1095
1033
1033
1025
1026
1033
1032
1020
1042
1139
1048
1029
1036
1025
1028
1035
1034
1027
1073
1143
1037
1030
1034
1021
1029
1034
1028
1020
1099
1122
1033
1032
1036
1023
1042
1037
1031
1025
1121
1103
1028
1030
1029
1022
1032
1034
1022
1035
1149
1072
1027
1032
1027
1024
1041
1035
1030
1050
1173
1049
1025
1031
1022
1030
1030
1028
1019
1096
1141
1030
1016
1015
1033
1029
1035
1029
1021
1134
1141
1040
1033
1031
1023
1037
1031
1017
1038
1134
1099
1031
1035
1030
1025
1044
1038
1028
1031
1140
1061
1030
1039
1029
1027
1031
1024
1020
1053
1137
1039
1032
1038
1022
1032
1038
1043
1027
1108
1152
1036
1030
1031
1033
1033
1033
1021
1023
1124
1135
1041
1034
1031
1025
1036
1042
1021
1039
1160
1100
1030
1035
1031
1026
1038
1033
1025
1051
1176
1058
1030
1038
1028
1031
1040
1032
1019
1115
1169
1042
1030
1035
1024
1033
1030
1030
1022
1138
1158
1033
1036
1034
1030
1039
1040
1025
1034
1131
1109
1039
1036
1026
1028
1031
1027
1024
1042
1126
1061
1030
1036
1026
1030
1043
1034
1024
1041
1134
1040
1028
1040
1032
1027
1036
1031
1018
1105
1152
1041
1029
1032
1024
1040
1047
1037
1036
1116
1154
1033
1033
1033
1023
1039
1037
1021
1033
1167
1137
1033
1040
1030
1023
1040
1031
1026
1047
120
1065
1030
1034
1022
1028