1348
1334
1364
1339
1345
1346
1330
1362
1510
1490
1347
1341
1328
1324
1338
1331
1362
1380
1515
1386
1337
1334
1320
1364
1358
1337
1329
1425
1530
1361
1360
1345
1332
1330
1332
1324
1318
1521
1579
1353
1335
1330
1324
1331
1361
1343
1363
1555
1507
1330
1312
1364
1347
1337
1329
1315
1343
1581
1455
1358
1341
1319
1326
1342
1337
1367
1428
1615
1383
1333
1330
1322
1359
1349
1332
1315
1491
1585
1347
1357
1346
1333
1341
1348
1338
1331
1556
1510
1344
1335
1327
1324
1341
1362
1346
1342
1499
1407
1337
1333
1356
1352
1346
1344
1328
1383
1520
1381
1356
1339
1322
1332
1337
1327
1349
1467
1587
1351
1334
1330
1322
1357
1365
1344
1324
1543
1553
1341
1352
1352
1332
1341
1334
1324
1333
1580
1484
1342
1336
1322
1321
1339
1359
1362
1396
1615
1388
1331
1336
1346
1358
1350
1329
1323
1484
1563
1343
1362
1338
1323
1334
1339
1335
1331
1549
1513
1339
1338
1328
1323
1343
1361
1338
1331
1514
1464
1336
1340
1360
1342
1340
1340
1325
1382
1533
1374
1344
1335
1322
1328
1333
1347
1355
1417
1593
1362
1334
1331
1332
1362
1348
1329
1343
1487
1546
1344
1363
1347
1321
1341
1332
1325
1343
1586
1514
1335
1339
1326
1329
1344
1364
1342
1361
1601
1419
1334
1333
1366
1342
1330
1331
1325
1437
1580
1387
1352
1335
1322
1335
1346
1335
1352
1481
1531
1328
1337
1332
1324
1365
1347
1327
1327
1495
1453
1337
1361
1341
1326
1344
1338
1327
1324
1525
1385
1326
1337
1322
1324
1334
1363
1339
1370
1520
1371
1330
1331
1370
1352
1346
1337
1329
1477
1576
1391
1348
1332
1317
1337
1333
1324
1368
1548
1536
1337
1333
1324
1323
1366
1353
1333
1350
1559
1433
1336
1364
1338
1328
1331
1330
1323
1381
1613
1363
1339
1328
1319
1330
1346
1367
1344
1471
1562
1344
1335
1332
1362
1350
1335
1322
1325
1514
1481
1371
1345
1337
1323
1340
1341
1327
1306
1507
1442
1333
1340
1325
1326
1360
1342
1324
1355
1503
1384
1337
1368
1341
1338
1342
1334
1326
1450
1564
1357
1344
1331
1320
1332
1337
1363
1347
1528
1575
1341
1329
1325
1359
1353
1347
1334
1320
1596
1501
1366
1353
1337
1327
1334
1336
1330
1397
1592
1383
1335
1334
1319
1326
1365
1357
1335
1436
1566
1360
1333
1362
1346
1343
1330
1322
1329
1493
1547
1366
1339
1334
1319
1334
1341
1360
1349
1520
1445
1315
1328
1324
1350
1361
1340
1324
1345
1501
1388
1345
1354
1334
1328
1340
1340
1326
1448
1570
1360
1336
1332
1321
1328
1353
1354
1340
1470
1584
1341
1340
1349
1361
1347
1346
1328
1327
1580
1521
1377
1349
1330
1326
1337
1334
1333
1382
1596
1446
1341
1336
1327
1337
1371
1347
1331
1410
1587
1371
1346
1365
1338
1335
1334
1329
1318
1504
1564
1352
1335
1331
1319
1334
1348
1369
1357
1546
1509
1335
1336
1335
1359
1347
1333
1320
1333
1515
1401
1366
1344
1324
1330
1336
1341
1337
1453
1555
1362
1331
1331
1324
1328
1370
1343
1326
1443
1574
1366
1340
1367
1341
1336
1339
1336
1326
1572
1585
1360
1339
1329
1324
1336
1335
1360
1352
1564
1455
1339
1338
1329
1362
1352
1339
1329
1353
1573
1380
1367
1345
1322
1332
1336
1328
1307
1455
1533
1349
1333
1338
1320
1330
1370
1342
1329
1475
1502
1338
1337
1364
1340
1338
1333
1324
1329
1480
1476
1344
1318
1315
1315
1318
1317
1365
1354
1533
1378
1336
1338
1323
1364
1347
1331
1326
1410
1543
1350
1367
1348
1324
1339
1342
1327
1326
1546
1631
1357
1337
1332
1320
1336
1362
1345
1338
1588
1537
1339
1340
1360
1346
1350
1342
1331
1342
1616
1467
1357
1344
1328
1327
1334
1331
1363
1425
1547
1357
1333
1333
1322
1361
1352
1334
1324
1485
1511
1331
1366
1342
1327
1318
1318
1316
1324
1518
1459
1327
1314
1313
1325
1338
1370
1348
1345
1508
1431
1332
1337
1360
1351
1339
1329
1330
1377
1570
1409
1355
1340
1322
1336
1349
1333
1359
1491
1602
1355
1340
1334
1320
1356
1350
1338
1327
1584
1505
1333
1359
1346
1335
1341
1342
1334
1324
1623
1488
1346
1338
1325
1325
1335
1359
1339
1402
1551
1370
1317
1310
1352
1350
1331
1316
1317
1454
1530
1382
1363
1337
1321
1331
1333
1320
1353
1509
1505
1334
1331
1330
1320
1356
1365
1346
1322
1475
1456
1330
1354
1356
1335
1341
1334
1327
1364
1583
1423
1345
1339
1318
1330
1343
1354
1362
1456
1604
1368
1339
1332
1339
1351
1338
1331
1319
1538
1594
1360
1362
1341
1323
1337
1343
1326
1342
1587
1483
1331
1316
1309
1318
1330
1365
1334
1355
1556
1380
1321
1329
1362
1340
1349
1335
1333
1447
1535
1371
1346
1340
1320
1334
1335
1332
1372
1435
1514
1341
1335
1330
1326
1371
1351
1339
1350
1524
1444
1341
1371
1341
1328
1337
1327
1323
1341
1575
1420
1337
1336
1325
1326
1344
1370
1341
1422
1550
1370
1336
1340
1366
1344
1341
1330
1319
1463
1597
1398
1343
1316
1315
1318
1318
1320
1377
1555
1566
1335
1332
1329
1328
1363
1349
1316
1342
1531
1402
1324
1369
1339
1328
1341
1335
1325
1396
1543
1373
1331
1337
1321
1332
1337
1365
1336
1448
1537
1339
1329
1326
1369
1347
1343
1331
1324
1482
1475
1374
1350
1333
1325
1342
1337
1325
1374
1514
1433
1332
1338
1327
1329
1368
1352
1323
1361
1545
1398
1338
1363
1338
1336
1335
1323
1312
1457
1680
1381
1329
1315
1315
1330
1338
1363
1355
1532
1611
1340
1335
1330
1360
1356
1335
1321
1332
1544
1491
1370
1348
1330
1329
1340
1336
1331
1402
1578
1400
1336
1338
1320
1330
1366
1352
1337
1397
1551
1336
1334
1359
1344
1337
1343
1332
1331
1473
1530
1365
1348
1331
1324
1335
1335
1358
1361
1538
1447
1330
1332
1327
1355