123
102
87
39
98
131
132
134
100
104
119
121
70
49
113
97
112
121
115
123
130
128
42
28
106
112
121
124
112
89
108
93
22
53
114
123
102
113
113
118
130
107
10
54
102
111
117
115
113
121
98
42
1
88
123
124
130
96
108
122
116
41
17
112
94
109
122
105
116
124
100
13
43
112
115
130
129
120
103
119
103
17
83
121
119
100
106
110
111
123
68
34
85
120
125
119
121
121
131
106
54
34
100
120
125
126
94
104
121
98
28
38
119
101
117
128
108
121
132
108
12
62
114
108
123
124
116
97
114
57
3
86
120
123
110
109
117
118
116
41
1
83
98
118
112
112
114
121
94
7
29
104
118
125
131
104
109
126
101
27
85
121
101
106
120
99
115
128
73
20
81
117
116
129
124
121
114
109
75
47
110
121
121
117
94
111
115
108
57
51
103
104
121
120
117
122
129
111
13
60
106
112
127
121
101
100
125
70
5
81
115
110
112
118
114
120
127
65
3
81
115
114
123
113
115
122
100
27
12
106
121
131
124
105
123
126
112
24
69
115
103
121
120
114
120
126
85
17
94
122
123
130
123
120
117
127
84
36
112
124
120
117
114
115
123
121
59
49
109
122
126
128
120
124
126
115
46
57
120
123
126
122
105
119
127
84
15
74
119
115
127
127
124
130
130
79
3
91
115
120
126
116
115
114
117
33
5
105
121
124
125
123
124
127
114
20
31
105
117
125
123
115
118
129
72
20
79
119
119
131
129
114
125
131
99
50
108
125
113
124
118
118
121
125
65
49
113
120
122
129
121
125
125
123
70
75
123
121
126
117
111
117
128
102
55
77
116
121
128
127
121
127
130
86
4
85
117
120
130
118
109
120
123
49
1
99
120
121
127
121
123
127
120
27
13
105
116
122
125
113
119
122
89
18
75
121
124
127
119
117
125
131
101
41
103
119
116
129
120
113
124
126
62
38
109
127
125
130
122
117
125
124
71
67
118
119
119
124
112
119
124
106
57
59
117
120
129
129
118
129
125
105
27
93
116
122
129
112
108
118
123
53
1
96
115
121
126
120
121
127
120
38
7
101
117
123
128
110
112
115
85
8
32
114
123
122
117
107
123
130
108
33
85
105
102
123
121
114
120
120
61
28
104
120
126
132
114
110
111
124
73
55
121
114
107
109
112
117
127
114
53
58
101
116
126
130
121
117
117
100
19
75
122
118
119
103
89
109
128
68
2
87
101
100
128
120
123
127
122
38
0
101
120
118
129
105
95
102
95
19
21
115
116
109
114
113
125
132
107
12
52
101
111
128
119
113
120
105
41
13
95
119
122
129
103
103
118
127
70
33
110
102
104
122
110
117
127
107
29
47
108
120
129
131
122
101
109
113
52
76
121
116
103
100
105
116
125
81
16
67
100
109
129
125
120
130
105
55
1
99
118
120
126
90
91
108
111
26
11
111
96
107
116
120
124
131
115
14
39
107
120
125
120
111
97
111
59
13
88
126
129
112
108
108
125
131
76
38
88
101
105
126
115
113
125
98
38
34
116
125
128
127
101
108
114
120
57
73
117
94
107
103
109
120
124
95
18
69
104
119
131
125
121
107
112
63
2
91
114
119
107
97
96
120
117
35
4
85
103
107
125
121
123
132
93
13
21
111
118
124
123
92
99
106
76
4
76
120
102
112
107
116
127
127
73
14
88
101
117
128
114
112
106
108
34
31
117
135
137
112
102
104
127
120
49
68
105
101
108
118
115
117
128
82
38
77
116
122
133
128
106
106
110
95
27
97
120
104
110
98
111
124
124
55
1
84
100
121
131
121
123
115
103
22
22
109
118
124
115
88
96
124
95
11
61
108
97
109
119
119
123
131
87
6
76
112
118
130
118
104
94
105
43
21
106
124
117
106
100
115
126
126
53
43
95
100
117
128
110
118
119
71
21
75
122
123
132
121
94
105
122
104
33
90
114
90
105
109
112
125
130
62
4
80
114
128
134
122
118
99
101
34
13
107
116
117
94
91
104
122
97
12
35
84
96
118
128
122
125
128
73
3
69
115
120
130
116
81
97
117
59
25
105
120
94
107
106
119
129
120
56
15
91
102
120
124
114
117
92
77
25
66
123
123
126
99
96
109
128
111
44
93
92
93
111
117
115
122
128
47
2
82
122
126
131
123
93
104
112
61
20
108
120
94
97
96
112
129
108
21
15
90
103
126
129
123
129
102
86
8
61
120
121
131
92
87
99
124
63
4
95
94
98
111
119
123
130
128
46
14