550
529
501
555
572
576
566
555
557
556
556
533
526
559
559
556
556
570
570
565
570
485
505
548
570
569
570
577
561
548
517
503
542
559
564
555
548
552
563
560
547
524
545
547
551
560
560
563
560
543
490
503
554
567
572
567
561
552
550
569
529
539
564
564
558
556
573
575
566
537
513
523
551
574
571
568
571
560
547
541
531
551
568
577
561
551
560
570
558
534
517
553
552
560
565
570
573
565
564
503
500
551
570
571
569
568
553
552
539
489
523
557
560
553
553
561
564
561
557
491
518
545
559
561
561
564
562
543
503
489
549
571
572
567
548
554
564
573
531
524
558
555
555
564
578
577
568
548
496
508
558
575
572
569
571
550
551
560
526
549
572
577
547
553
570
572
567
537
516
535
550
568
568
568
570
565
551
502
501
553
572
576
570
552
553
559
551
502
512
557
547
551
560
564
565
565
571
461
510
550
561
563
562
564
545
545
521
491
545
563
573
552
549
563
566
570
539
517
537
552
565
565
573
579
575
538
505
516
559
570
570
567
549
553
553
572
540
547
565
555
551
559
573
574
569
550
495
530
558
571
569
570
568
550
548
540
535
556
560
563
548
545
550
560
555
529
528
541
548
555
563
563
565
564
549
505
511
556
570
573
569
558
555
553
539
501
539
566
556
555
554
568
567
567
550
470
526
553
575
567
571
583
556
548
499
504
560
568
572
552
552
556
566
573
522
522
544
555
559
565
574
577
568
531
489
519
562
570
570
570
557
553
553
559
521
545
560
552
551
549
561
563
559
528
478
532
551
563
565
561
566
555
553
529
530
561
573
574
558
554
559
565
544
503
510
551
556
556
567
570
569
567
551
483
526
562
577
570
571
569
553
553
518
487
549
568
564
553
554
568
570
571
525
497
538
555
571
568
576
577
563
535
494
525
560
574
570
562
548
555
564
568
515
534
555
549
550
560
562
565
568
522
483
530
560
570
566
566
565
552
557
534
496
552
572
571
550
560
574
571
553
535
508
542
556
566
567
570
569
567
553
483
513
559
575
572
566
558
561
564
526
514
544
563
556
557
567
570
568
568
554
517
542
565
575
569
573
577
556
538
501
505
555
571
574
556
555
564
565
570
517
527
545
552
558
562
561
565
562
522
492
531
564
572
569
567
551
556
561
554
491
546
570
561
555
569
574
572
564
510
450
536
561
569
570
569
571
555
559
489
481
557
575
574
554
558
568
568
530
494
533
550
561
565
568
570
570
565
543
503
539
565
574
569
574
557
557
555
529
521
554
564
557
559
557
563
563
567
539
510
545
554
565
571
574
575
557
532
520
544
563
575
570
556
559
560
565
566
534
544
554
561
560
571
580
575
569
514
491
539
568
570
569
570
556
558
562
517
496
555
570
559
555
564
579
575
539
478
482
546
561
570
569
570
570
557
560
486
532
564
576
570
556
560
564
562
523
500
545
554
557
561
563
565
565
566
528
493
539
559
574
568
571
563
559
543
513
520
559
574
566
558
560
569
565
570
529
529
550
564
574
573
578
575
558
522
483
536
565
570
570
559
555
560
567
533
480
549
563
558
555
572
575
572
557
486
456
537
566
571
569
569
564
551
561
486
498
554
561
558
546
547
559
561
538
515
529
548
556
565
563
564
565
561
539
521
551
570
577
570
567
556
560
555
542
532
562
566
554
556
565
568
568
571
542
515
551
573
575
571
575
578
552
525
516
530
563
571
570
555
557
568
566
562
504
540
546
563
565
569
580
572
560
485
449
538
565
572
570
568
554
559
567
496
484
549
559
549
552
557
563
561
534
477
485
542
560
565
565
569
570
554
552
493
530
564
578
568
555
563
570
565
544
534
558
553
560
565
567
574
568
568
530
526
555
574
580
571
575
556
559
543
538
540
562
574
558
554
561
570
566
569
521
519
551
569
569
572
581
575
547
512
492
540
564
572
571
551
558
562
568
531
488
547
546
552
557
560
565
560
543
457
471
544
561
570
566
568
556
553
563
492
512
558
574
559
555
570
576
566
526
501
524
552
564
568
566
571
570
555
536
495
545
570
579
569
555
562
562
547
525
516
556
558
559
561
567
571
565
573
511
512
552
575
573
571
576
560
553
525
497
535
560
565
557
554
556
565
564
550
493
529
548
553
560
560
561
562
542
483
489
549
569
573
570
557
555
556
569
527
519
561
562
559
559
578
580
568
535
491
517
550
571
570
566
568
560
552
550
526
549
568
578
560
556
568
569
563
530
527
547
552
561
566
567
573
567
562
512
520