876
868
873
870
873
882
877
867
879
915
868
871
873
865
866
876
870
867
930
957
872
878
878
867
878
883
877
869
949
934
870
874
872
869
876
873
867
879
951
887
873
876
870
871
879
877
866
884
942
879
871
874
868
871
875
869
863
905
935
869
872
876
866
877
877
868
865
914
905
859
859
858
866
868
870
865
868
931
882
864
875
873
870
879
880
866
875
918
875
867
874
871
873
875
868
866
895
934
867
874
880
864
875
878
877
873
932
916
866
872
871
864
875
874
870
872
939
900
871
874
871
870
878
884
870
856
922
881
870
875
869
873
874
869
865
891
921
866
871
876
866
875
879
870
857
897
913
860
860
861
870
875
874
866
869
917
879
867
872
874
869
880
875
868
871
911
879
872
876
868
867
874
868
866
896
938
869
872
880
869
877
879
874
863
901
934
865
875
873
871
875
873
869
869
927
908
870
875
876
869
880
880
866
878
939
883
867
877
869
867
877
870
867
895
939
864
869
871
864
873
879
873
864
908
932
865
873
875
865
870
873
865
866
929
911
870
873
873
869
879
877
868
869
933
888
868
875
868
868
871
869
864
880
922
877
868
879
869
872
883
874
866
895
935
870
877
878
867
874
873
867
869
927
912
869
878
876
867
878
881
873
877
947
883
870
875
871
876
875
874
867
887
929
877
871
880
868
875
880
879
866
871
910
866
869
874
868
874
874
871
866
908
894
861
874
874
868
875
879
870
873
916
876
865
870
870
869
875
870
865
879
916
867
855
860
860
870
880
874
867
887
923
870
873
874
866
872
870
872
865
915
929
870
875
874
867
875
880
871
868
913
901
864
875
873
868
876
869
865
883
935
887
865
875
872
874
884
877
867
887
932
864
876
877
869
873
876
867
867
914
917
867
872
880
867
877
875
869
865
915
896
870
874
871
869
876
872
868
875
932
882
866
875
869
869
880
874
866
882
935
863
871
873
867
868
873
867
866
914
946
870
870
874
868
877
880
869
860
927
912
866
873
874
866
874
875
867
873
942
892
867
875
871
869
880
877
870
883
925
874
871
875
868
873
871
870
865
910
920
864
875
876
869
875
881
874
855
906
896
867
874
871
866
874
872
867
873
905
885
865
874
870
875
879
874
868
867
921
871
870
874
868
869
871
870
859
894
944
870
872
873
867
876
879
870
864
930
903
866
869
869
869
870
873
868
875
940
906
871
874
872
873
881
879
867
860
963
872
869
876
866
870
874
869
859
899
922
861
871
871
867
876
879
875
867
910
897
865
876
873
870
875
871
864
872
923
890
866
877
874
872
883
880
865
865
934
882
867
877
866
869
871
872
863
888
940
873
874
875
866
875
879
873
867
915
937
868
871
872
868
874
872
867
871
951
907
863
875
876
873
880
875
869
875
959
889
869
873
868
871
872
869
859
897
941
855
867
873
866
875
879
873
866
908
930
869
870
875
868
872
875
865
868
912
903
870
873
871
870
878
878
868
850
928
881
871
877
872
868
876
873
866
890
930
871
870
872
869
875
883
874
867
915
935
870
871
876
866
874
875
865
869
918
923
869
874
873
867
878
882
873
871
941
891
868
876
866
870
872
869
861
889
958
876
868
874
865
873
880
871
853
903
914
865
872
874
869
874
871
866
868
918
918
865
876
869
869
879
877
871
862
938
892
869
873
867
870
876
873
867
880
916
876
874
878
870
873
880
875
867
885
935
876
875
873
869
873
873
873
865
921
911
862
879
874
867
873
879
869
866
945
909
866
872
875
871
871
872
868
886
951
882
870
877
865
873
881
876
870
899
940
872
870
879
867
868
869
866
868
913
932
866
873
876
867
878
876
872
867
925
880
866
876
868
869
875
871
864
871
913
874
869
877
873
870
878
879
865
886
930
875
870
874
866
865
873
870
865
917
930
866
876
877
864
876
880
872
864
920
906
863
874
871
862
874
875
867
876
952
882
865
878
868
873
881
875
867
895
950
880
869
877
870
872
872
865
867
927
932
863
872
874
866
876
884
874
866
914
910
870
876
872
865
872
875
865
877
927
873
869
874
875
867
877
874
868
882
920
866
869
873
864
866
870
866
865
908
928
866
871
875
867
877
873
875
873
921
920
868
874
868
868
874
875
868
872
934
883
869
876
869
873
878
877
862
880
964
875
869
875
875
868
873
870
862
918
962
873
870
877
867
879
880
873
862
935
911
864
873
874
868
874
869
865
871
937
885
867
875
872
867
879
881
869
870
927
874
870
875
866
867
877
870
865
887
929
869
872
876
871