1518
1643
1835
1538
1543
1534
1533
1514
1520
1514
1508
1739
1764
1537
1521
1515
1504
1527
1558
1536
1523
1752
1729
1521
1517
1532
1523
1534
1518
1511
1528
1857
1697
1544
1538
1511
1521
1533
1522
1538
1671
1935
1588
1517
1519
1500
1528
1537
1524
1511
1711
1868
1516
1532
1534
1526
1524
1532
1516
1503
1890
1795
1543
1524
1513
1502
1521
1523
1536
1552
1824
1664
1519
1521
1523
1542
1544
1526
1518
1574
1818
1602
1548
1537
1506
1513
1514
1517
1518
1683
1816
1537
1513
1525
1509
1532
1554
1533
1503
1698
1773
1518
1535
1533
1527
1519
1518
1515
1515
1784
1794
1542
1521
1513
1511
1532
1538
1543
1602
1915
1647
1527
1522
1517
1542
1540
1517
1499
1647
1988
1575
1548
1538
1511
1520
1526
1529
1521
1826
1994
1533
1525
1516
1507
1523
1544
1535
1519
1784
1750
1518
1524
1544
1537
1533
1525
1517
1573
1837
1664
1529
1523
1504
1513
1522
1518
1544
1589
1794
1562
1520
1517
1507
1544
1541
1527
1514
1697
1743
1530
1548
1534
1511
1517
1524
1514
1507
1719
1812
1537
1519
1520
1507
1529
1557
1532
1478
1825
1798
1529
1523
1541
1529
1536
1513
1506
1540
1914
1670
1543
1533
1508
1512
1533
1523
1559
1697
1900
1564
1515
1518
1502
1544
1541
1526
1518
1768
1869
1540
1559
1534
1525
1525
1525
1515
1501
1804
1824
1541
1526
1517
1506
1520
1548
1532
1548
1821
1629
1512
1516
1545
1535
1536
1525
1514
1587
1770
1591
1536
1519
1501
1512
1525
1519
1541
1696
1805
1548
1522
1512
1507
1545
1539
1539
1488
1713
1840
1524
1546
1533
1530
1527
1521
1508
1517
1879
1752
1535
1524
1506
1512
1530
1554
1535
1578
1949
1616
1517
1520
1539
1537
1533
1511
1507
1655
1947
1588
1543
1540
1502
1521
1537
1522
1523
1840
1896
1529
1524
1520
1507
1537
1541
1535
1513
1847
1738
1517
1542
1529
1527
1533
1529
1519
1565
1838
1641
1535
1519
1509
1512
1518
1538
1529
1627
1795
1540
1513
1520
1533
1552
1545
1525
1491
1676
1788
1554
1543
1534
1511
1522
1525
1509
1533
1770
1811
1527
1520
1515
1510
1539
1546
1537
1570
1821
1755
1524
1532
1537
1529
1528
1515
1501
1579
1956
1634
1539
1525
1508
1521
1531
1536
1541
1687
1941
1570
1523
1517
1516
1544
1531
1518
1505
1765
1843
1536
1551
1538
1516
1521
1535
1518
1557
1893
1726
1532
1521
1512
1506
1525
1547
1519
1546
1798
1614
1520
1524
1546
1537
1530
1522
1509
1626
1742
1568
1533
1518
1505
1511
1522
1518
1550
1720
1793
1534
1519
1517
1507
1558
1548
1520
1508
1802
1881
1528
1552
1532
1517
1526
1518
1503
1529
1832
1705
1527
1524
1512
1512
1529
1559
1541
1582
1895
1606
1519
1516
1541
1530
1525
1511
1508
1683
1898
1597
1548
1531
1507
1524
1528
1525
1510
1835
1794
1532
1522
1509
1506
1545
1535
1509
1513
1779
1690
1530
1550
1534
1520
1529
1532
1516
1592
1833
1620
1521
1515
1508
1508
1519
1545
1527
1642
1747
1539
1516
1517
1549
1536
1541
1521
1519
1684
1828
1560
1541
1525
1504
1521
1521
1509
1552
1827
1811
1525
1517
1511
1504
1560
1541
1532
1533
1835
1667
1517
1547
1528
1529
1519
1513
1507
1594
1933
1626
1542
1525
1502
1517
1525
1554
1530
1778
1866
1542
1520
1517
1547
1533
1534
1513
1507
1781
1776
1558
1540
1534
1507
1528
1526
1518
1514
1805
1662
1510
1524
1512
1511
1545
1532
1531
1566
1751
1569
1515
1539
1527
1534
1533
1526
1491
1657
1770
1554
1531
1521
1503
1514
1519
1530
1531
1755
1845
1537
1520
1515
1526
1545
1548
1520
1506
1849
1842
1549
1546
1527
1509
1523
1518
1517
1552
1946
1711
1528
1525
1503
1516
1548
1549
1540
1621
1940
1558
1520
1536
1524
1529
1517
1512
1500
1764
1904
1570
1539
1518
1504
1523
1531
1534
1520
1850
1776
1529
1520
1515
1521
1537
1531
1508
1518
1766
1629
1529
1542
1529
1511
1529
1530
1512
1586
1813
1586
1520
1516
1500
1517
1534
1538
1527
1630
1806
1551
1515
1529
1542
1540
1541
1520
1508
1776
1898
1566
1543
1520
1505
1517
1516
1519
1543
1843
1745
1512
1524
1511
1515
1559
1546
1525
1498
1892
1695
1532
1550
1527
1517
1516
1516
1497
1632
1925
1577
1535
1523
1504
1513
1538
1550
1520
1782
1838
1517
1518
1521
1538
1529
1522
1514
1517
1775
1763
1528
1531
1522
1510
1527
1529
1516
1504
1801
1659
1517
1516
1509
1510
1550
1527
1513
1562
1779
1541
1518
1557
1530
1531
1534
1517
1506
1685
1860
1564
1521
1512
1503
1519
1519
1541
1531
1790
1839
1525
1521
1518
1554
1545
1539
1518
1573
1857
1811
1556
1538
1510
1509
1524
1522
1510
1593
1857
1637
1523
1521
1505
1515
1557
1545
1523
1711
1870
1557
1522
1547
1532
1534
1519
1514
1508
1748
1831
1547
1533
1520
1505
1525
1526
1545
1537
1785
1703
1521
1520
1511
1529
1544
1523
1507
1526
1788
1621
1546
1534
1526
1512
1536
1518
1518
1610
1765
1561
1515
1516
1509
1515
1545
1526
1529
1668
1866
1557
1519
1542
1523
1543
1532
1522
1477
1791
1853
1547
1537
1515
1506
1518
1521
1540
1543
1911
1773
1514
1522
1509
1534
1546
1545
1515
1516
1926
1595
1539
1532
1526
1516
1520
1512
1490
1710
1896
1558
1523
1523
1504
1523
1555
1538
1531
1756
1763
1517
1519
1536
1531
1538
1525
1505
1513
1749
1741
1542
1537
1517
1504
1531
1525
1533
1564
1837
1608
1518
1523
1507
1524
1540
1533
1509
1592
1799
1566
1526
1540
1526
1527
1536
1528
1511
1745
1876
1572
1531
1524
1503
1521
1532
1536
1527
1871
1826
1522
1515
1527
1540
1545
1536
1519
1491
1880
1756
1552
1538
1510
1507
1524
1521
1523
1596
1963
1593
1515
1520
1509
1531
1560
1540
1513
1676
1524