156
155
162
163
87
69
150
172
178
177
174
176
176
166
101
105
165
167
167
166
152
157
168
136
88
119
159
160
172
169
165
167
172
153
53
125
158
158
168
156
155
159
165
91
22
135
160
169
171
162
164
171
165
71
29
140
155
164
166
155
157
168
135
44
85
157
166
172
174
164
168
174
148
63
135
165
158
170
160
157
164
170
108
68
152
173
179
180
176
176
175
173
115
93
164
176
176
166
155
158
167
152
96
102
158
163
175
172
162
166
173
163
83
117
160
160
170
164
151
158
166
109
45
130
163
165
174
168
166
170
171
100
31
139
160
165
168
155
159
166
148
55
53
153
166
172
171
163
168
175
160
66
113
165
173
178
175
171
172
176
126
69
141
173
179
180
176
169
170
171
125
74
153
166
163
166
158
162
167
162
98
91
156
167
173
174
164
168
171
161
86
95
159
161
168
164
150
160
164
125
34
111
159
162
174
169
164
170
172
133
38
133
159
164
171
159
156
162
161
72
39
150
166
170
170
166
170
175
170
79
90
161
175
180
178
173
172
176
135
78
125
171
180
178
171
163
172
175
150
92
146
163
158
170
162
158
166
169
116
87
154
165
172
173
166
167
169
166
100
82
155
160
166
163
154
161
166
135
51
95
154
167
175
174
166
170
175
140
33
114
163
164
171
161
154
162
169
91
41
144
167
167
176
168
168
175
170
90
76
157
174
177
177
172
173
170
148
85
113
164
166
175
165
163
171
175
164
96
136
159
161
173
163
156
165
169
118
87
150
165
167
175
167
161
170
170
122
68
149
160
160
168
156
157
165
154
72
61
152
165
171
170
165
169
170
160
47
98
157
162
169
157
155
164
170
101
12
124
169
177
180
176
175
179
174
94
34
148
171
177
174
160
159
165
152
75
74
156
167
168
170
163
170
173
161
81
110
158
162
172
164
156
164
163
130
86
143
168
168
176
166
161
171
174
147
96
151
160
164
172
160
160
168
163
91
63
151
166
172
175
165
167
173
167
71
82
157
165
165
162
159
164
171
132
36
107
164
178
180
177
175
178
172
134
46
136
163
161
170
157
155
165
163
70
47
148
161
166
171
162
167
171
165
89
87
155
161
165
165
153
159
161
133
78
119
162
166
170
166
164
169
170
153
90
139
157
162
170
161
156
163
164
99
47
145
165
170
175
163
163
169
168
75
43
153
171
172
172
170
175
174
139
36
51
156
175
176
170
165
169
168
147
29
109
158
163
169
157
153
163
168
106
68
144
159
168
175
167
166
169
170
110
88
158
160
165
167
157
155
165
151
89
111
161
165
168
170
165
170
175
168
103
128
163
166
169
164
155
164
162
118
50
134
172
180
179
172
175
179
173
106
38
148
168
176
167
156
158
168
151
51
36
149
165
173
174
166
165
172
153
29
113
159
160
163
161
154
162
165
116
60
126
161
167
175
168
165
171
167
129
81
152
161
166
170
149
156
166
161
97
96
157
160
168
174
165
170
175
170
106
122
165
165
171
164
157
159
168
135
92
134
172
181
176
174
175
178
178
143
64
137
169
167
170
156
158
165
157
64
19
140
166
171
173
162
165
170
161
48
36
148
154
163
164
153
159
163
120
18
103
158
165
173
172
164
166
170
143
74
143
164
165
164
157
156
163
166
106
84
150
163
167
175
165
166
174
163
108
102
161
165
168
165
150
157
165
143
98
111
167
171
171
172
177
179
179
162
64
116
157
164
170
160
156
154
156
92
33
139
165
168
166
152
157
169
167
75
33
137
142
155
168
154
158
165
126
22
64
154
164
172
174
157
151
159
153
67
128
161
155
150
149
152
161
168
112
62
128
154
168
177
168
167
166
153
110
92
157
162
165
161
139
149
165
152
97
85
159
159
170
175
179
177
178
165
58
94
164
178
176
175
165
149
160
119
26
117
164
162
158
154
164
172
171
113
17
120
146
159
166
154
158
162
131
49
51
153
164
172
171
145
152
169
160
67
106
158
144
156
162
155
158
166
119
53
123
163
169
174
166
163
151
159
137
84
153
175
176
156
157
169
174
166
104
82
142
165
179
178
176
176
175
151
82
78
156
163
169
164
137
147
163
124
40
95
158
148
165
167
165
171
174
135
17
109
155
161
171
158
157
142
149
77
25
143
164
169
156
153
163
172
166
82
88
137
151
161
167
156
160
169
114
59
109
165
170
175
172
146
159
169
153
85
144
174
162
161
169
170
176
174
117
66
140
171
179
180
171
170
158
158
98
64
154
164
168
152
141
153
152