1126
1122
1123
1119
1289
1164
1143
1122
1118
1116
1119
1118
1128
1205
1278
1142
1140
1141
1125
1149
1161
1140
1117
1228
1260
1132
1154
1138
1129
1140
1142
1129
1135
1251
1219
1137
1148
1141
1129
1158
1161
1130
1107
1224
1159
1138
1152
1148
1136
1144
1134
1114
1177
1290
1150
1139
1141
1127
1137
1150
1157
1101
1231
1264
1113
1119
1115
1142
1122
1126
1121
1127
1255
1286
1150
1123
1119
1124
1121
1123
1125
1100
1313
1180
1123
1119
1117
1133
1132
1121
1119
1178
1322
1153
1153
1149
1129
1139
1153
1146
1131
1245
1284
1132
1141
1151
1127
1139
1158
1133
1132
1264
1237
1133
1155
1160
1133
1158
1156
1138
1104
1258
1176
1135
1151
1133
1130
1149
1152
1125
1172
1238
1154
1138
1151
1146
1144
1153
1139
1111
1175
1271
1155
1126
1120
1125
1117
1123
1123
1146
1245
1239
1120
1120
1115
1128
1139
1126
1126
1091
1273
1227
1136
1130
1117
1118
1123
1121
1115
1165
1297
1168
1126
1120
1118
1117
1145
1138
1128
1203
1334
1146
1146
1161
1132
1140
1145
1128
1132
1253
1250
1143
1151
1144
1126
1152
1161
1151
1142
1264
1186
1131
1152
1148
1134
1148
1143
1136
1149
1252
1181
1137
1147
1134
1142
1149
1143
1147
1161
1251
1123
1120
1118
1120
1137
1125
1125
1122
1228
1251
1124
1140
1118
1120
1119
1119
1123
1133
1236
1236
1120
1119
1117
1120
1142
1123
1116
1144
1280
1153
1116
1142
1129
1133
1150
1152
1127
1197
1319
1150
1138
1146
1131
1133
1149
1142
1132
1216
1343
1129
1148
1148
1139
1149
1160
1149
1121
1254
1271
1139
1140
1138
1128
1145
1141
1146
1151
1342
1217
1138
1152
1131
1153
1155
1147
1128
1159
1299
1137
1140
1122
1123
1124
1123
1121
1126
1209
1243
1130
1120
1113
1117
1138
1136
1119
1116
1237
1224
1120
1143
1124
1121
1122
1127
1125
1138
1267
1190
1134
1140
1131
1134
1159
1165
1130
1156
1243
1124
1138
1147
1141
1134
1149
1137
1120
1201
1280
1149
1139
1142
1130
1135
1157
1153
1134
1259
1279
1138
1144
1140
1146
1147
1142
1128
1141
1285
1229
1149
1152
1136
1138
1149
1140
1128
1167
1346
1168
1125
1117
1117
1128
1137
1123
1111
1215
1344
1140
1136
1131
1120
1122
1123
1120
1114
1244
1267
1129
1141
1139
1133
1138
1151
1126
1143
1264
1211
1135
1154
1149
1132
1163
1152
1131
1130
1252
1164
1138
1155
1130
1135
1152
1144
1136
1166
1214
1128
1137
1146
1146
1147
1151
1145
1131
1214
1307
1141
1147
1137
1125
1143
1136
1124
1154
1266
1248
1120
1115
1115
1124
1137
1121
1116
1081
1278
1176
1137
1133
1117
1123
1126
1119
1123
1181
1288
1147
1142
1149
1124
1141
1167
1137
1125
1258
1344
1151
1149
1153
1131
1139
1142
1129
1118
1297
1251
1135
1147
1143
1129
1145
1154
1150
1146
1264
1151
1135
1148
1146
1143
1144
1130
1124
1166
1279
1150
1142
1152
1129
1142
1152
1140
1143
1224
1222
1118
1122
1116
1123
1141
1123
1120
1123
1221
1237
1125
1136
1118
1121
1121
1120
1117
1087
1235
1176
1126
1142
1133
1129
1151
1137
1118
1160
1307
1102
1134
1155
1123
1137
1151
1149
1132
1208
1298
1143
1148
1145
1129
1143
1145
1150
1133
1245
1240
1127
1148
1142
1142
1154
1150
1136
1134
1319
1224
1145
1147
1131
1133
1143
1138
1139
1167
1288
1146
1123
1118
1120
1144
1123
1125
1118
1214
1299
1133
1141
1119
1123
1121
1122
1118
1132
1240
1208
1127
1137
1143
1128
1160
1158
1136
1113
1266
1209
1140
1159
1136
1130
1140
1141
1135
1157
1240
1122
1140
1152
1134
1133
1162
1158
1127
1156
1289
1141
1145
1147
1140
1139
1142
1133
1131
1247
1317
1133
1141
1134
1127
1151
1151
1144
1112
1309
1270
1123
1116
1115
1141
1123
1122
1122
1146
1315
1165
1147
1120
1117
1122
1117
1131
1129
1163
1322
1160
1136
1145
1128
1147
1158
1132
1131
1263
1263
1134
1155
1146
1129
1147
1167
1138
1140
1279
1197
1127
1142
1135
1128
1148
1153
1127
1148
1264
1175
1140
1151
1154
1136
1154
1145
1126
1133
1252
1125
1138
1146
1127
1131
1140
1143
1136
1211
1252
1132
1116
1116
1136
1129
1124
1126
1099
1236
1235
1143
1129
1120
1120
1120
1120
1119
1158
1293
1195
1125
1119
1125
1137
1166
1139
1136
1173
1279
1110
1147
1152
1132
1137
1140
1134
1125
1241
1297
1125
1144
1144
1123
1137
1168
1142
1132
1262
1260
1136
1144
1157
1132
1144
1136
1131
1145
1200
1144
1126
1141
1135
1139
1154
1151
1140
1127
1250
1131
1120
1117
1134
1132
1121
1123
1127
1189
1258
1142
1126
1117
1123
1117
1117
1117
1142
1206
1250
1127
1136
1139
1130
1154
1142
1129
1134
1248
1214
1140
1162
1137
1138
1156
1146
1134
1125
1250
1160
1141
1142
1129
1133
1155
1141
1128
1185
1304
1128
1139
1158
1129
1145
1157
1145
1119
1220
1278
1138
1136
1139
1126
1135
1146
1143
1137
1273
1232
1126
1117
1128
1135
1124
1126
1122
1089
1339
1150
1130
1119
1121
1119
1121
1129
1131
1212
1266
1116
1137
1141
1124
1157
1158
1143
1132
1234
1248
1127
1166
1143
1129
1145
1144
1134
1131
1274
1258
1143
1141
1138
1131
1169
1160
1132
1117
1292
1140
1138
1150
1139
1132
1147
1139
1127
1168
1266
1120
1132
1143
1126
1141
1154
1153
1123
1220
1291
1117
1117
1122
1142
1123
1126
1121
1132
1301
1276
1130
1118
1119
1120
1122
1122
1136
1091
1285
1184
1138
1148
1133
1150
1148
1138
1128
1184
1269
1147
1158
1148
1131
1137
1157
1151
1132
1227
1292
1127
1142
1148
1127
1145
1146
1131
1133
1285
1268
1128
1153
1144
1133
1157
1149
1131
1094
1230
1179
1128
1146
1130
1131
1141
1137
1127
1163
1233
1134
1118
1119
1144
1121
1121
1120
1120
1156
