729
724
729
718
711
719
725
724
720
724
720
721
711
717
705
717
725
724
730
734
726
722
731
734
716
727
737
725
730
741
735
722
693
699
716
737
738
728
732
734
722
732
713
708
726
732
730
726
735
742
734
714
678
707
725
732
733
731
739
732
728
728
705
712
730
739
730
731
733
731
723
705
691
711
719
723
722
723
722
724
724
728
707
717
723
724
728
724
722
720
713
716
707
724
726
734
729
741
734
725
734
724
713
730
741
732
734
736
733
723
714
706
715
728
737
728
730
737
729
728
710
704
722
730
737
725
740
733
729
698
691
712
726
737
736
724
730
735
727
735
692
698
720
734
727
732
743
732
723
709
692
709
720
724
730
725
725
719
720
731
701
718
720
722
722
724
725
718
701
697
715
720
738
736
728
730
733
725
729
719
720
729
735
732
727
738
741
729
712
709
717
726
743
730
729
738
730
726
712
707
715
734
739
728
732
738
734
725
704
662
717
734
733
730
738
739
723
730
689
682
715
721
727
726
725
721
718
692
684
689
719
720
723
720
725
725
724
725
670
701
720
722
725
726
724
718
717
704
674
717
736
739
729
733
734
728
731
732
724
720
736
734
727
735
739
726
712
741
718
731
733
731
731
734
729
723
727
711
714
732
738
728
735
741
734
720
724
700
711
731
734
732
734
729
729
728
707
676
713
724
725
727
723
722
724
714
703
682
715
722
725
732
724
722
719
729
660
695
723
723
725
723
726
723
720
666
675
700
727
736
727
725
730
728
722
728
722
722
730
734
729
730
742
735
716
700
722
725
736
737
730
736
728
720
734
719
716
733
737
730
730
734
735
726
711
696
707
732
732
728
729
739
730
721
727
716
714
723
723
731
725
723
720
713
723
725
725
724
724
725
723
724
720
733
732
706
720
723
723
727
725
722
718
698
694
709
729
738
733
729
737
733
724
721
669
709
730
742
730
735
734
734
720
689
694
724
740
735
728
732
733
727
732
675
677
723
735
730
730
736
738
725
690
681
701
725
739
735
731
733
727
717
725
710
713
723
723
721
724
720
721
723
691
690
709
721
721
726
727
722
720
721
716
725
722
724
722
725
724
723
720
705
719
706
720
737
733
732
732
730
727
730
748
718
735
741
729
733
735
739
723
706
690
711
732
734
731
739
732
729
728
716
727
725
735
738
732
737
734
731
719
727
712
726
739
729
730
738
730
727
732
729
701
720
722
723
729
722
721
718
691
714
718
725
722
723
720
723
724
725
711
726
718
724
724
724
727
722
723
712
695
707
720
734
736
728
730
730
727
729
715
694
723
733
731
734
739
735
730
689
702
717
734
741
728
734
731
732
724
721
679
708
730
734
724
737
743
734
710
696
698
719
733
735
733
733
731
725
730
693
706
721
725
724
725
724
723
724
709
695
697
717
722
723
726
725
725
720
723
713
711
727
726
723
722
721
724
719
704
715
719
730
738
730
735
728
728
729
700
709
727
739
734
726
737
736
728
708
725
711
728
737
728
732
738
732
728
725
725
717
729
738
734
729
738
732
727
716
729
716
734
736
731
735
734
726
728
690
671
714
724
724
729
730
723
723
711
684
686
721
725
725
722
724
725
722
734
662
701
716
725
725
723
729
722
722
703
682
710
732
735
728
732
734
729
728
693
674
718
732
736
729
741
738
727
716
714
726
729
739
737
730
738
733
727
733
732
714
728
736
728
729
741
738
727
712
710
708
732
737
731
734
728
725
725
733
715
717
723
724
725
722
720
720
714
723
716
716
721
725
723
728
722
717
725
723
723
722
729
725
724
724
723
718
691
682
703
723
734
728
730
731
732
727
709
701
721
736
739
729
734
741
738
725
706
699
718
735
736
729
735
738
729
736
696
700
723
738
733
730
736
732
722
705
706
698
729
734
731
733
734
732
724
719
697
710
720
724
725
729
726
724
715
709
702
716
729
724
724
723
723
721
730
701
704
720
722
725
724
722
726
718
711
699
699
727
735
734
727
735
730
723
736
679
703
730
735
729
734
745
734
726
678
693
717
736
739
737
735
735
728
725
715
706
721
736
735
728
741
740
730
719
714
695
725
739
738
729
729
729
715
732
739
716
725
723
725
723
722
724
716
705
739
716
720
720
724
724
729
723
718
722
745
722
725
730
724
721
723
721
711
718
688
725
735
733
728
731
732
727
736
692
700
731
740
737
732
737
734
726
705
672
702
730
736
730
734
740
732
723
701
679
713
734
737
731
736
737
731
715
688
703
721
735
736
727
732
733
724
737