434
399
511
552
558
550
543
554
550
502
410
437
532
542
553
549
547
550
544
536
363
477
534
549
550
554
552
543
545
457
417
510
552
555
548
554
550
547
548
494
432
518
549
550
551
557
559
538
511
459
477
543
559
555
541
555
546
539
546
469
506
532
558
548
550
561
557
538
475
463
510
547
557
553
543
546
551
542
482
434
524
542
552
551
549
559
554
521
406
422
527
544
558
554
551
542
541
537
393
457
540
555
548
555
550
552
550
465
364
479
536
543
547
554
558
538
542
457
385
512
552
560
541
555
552
540
528
427
447
520
555
550
547
557
557
546
534
466
480
541
564
555
548
555
554
540
490
468
516
542
555
553
542
556
553
547
490
448
522
544
558
552
558
543
551
526
460
460
535
555
549
551
554
551
548
553
428
444
536
551
552
554
559
551
541
496
409
477
545
559
548
549
554
544
543
488
389
498
544
556
545
555
560
552
528
421
377
515
554
556
551
549
554
545
549
425
463
534
552
554
548
557
556
550
475
426
483
534
558
554
552
538
549
545
514
471
520
550
551
550
554
554
554
542
462
445
526
546
550
552
556
548
537
551
483
486
542
558
552
549
557
553
549
511
452
480
543
557
549
554
557
553
535
510
428
503
547
561
550
545
559
550
539
460
406
514
544
557
547
553
553
549
547
418
430
525
552
560
554
546
550
547
482
378
467
541
549
552
552
544
550
548
512
379
491
542
558
555
558
557
541
543
447
418
519
552
555
547
557
545
547
550
455
442
526
552
553
552
560
558
537
505
457
486
544
558
557
541
553
547
537
530
462
513
540
555
548
549
560
555
543
469
441
511
547
560
552
546
549
552
542
474
439
526
545
553
550
552
562
552
509
396
446
529
547
555
553
556
542
543
526
398
488
544
553
548
557
550
548
540
452
356
490
544
550
550
555
555
539
545
449
420
525
554
559
545
558
556
543
519
433
468
529
553
552
542
555
552
543
526
445
491
544
557
553
547
548
557
541
479
447
514
543
554
554
550
554
551
547
472
465
532
545
557
554
556
545
547
506
452
476
536
557
545
549
550
548
550
543
419
464
538
548
550
554
560
546
538
470
393
497
547
556
547
551
555
542
550
454
403
510
548
556
546
558
562
551
497
411
415
522
555
556
549
546
551
542
536
431
485
537
553
554
547
556
557
549
473
409
504
539
557
554
557
545
549
545
481
441
529
556
546
550
552
553
554
534
467
445
530
548
552
553
556
550
540
547
455
490
543
557
549
549
559
550
547
492
437
492
542
554
546
553
555
552
538
506
418
505
549
559
553
547
555
546
528
435
417
523
545
555
545
553
554
550
545
408
457
530
555
554
551
550
553
547
476
388
483
544
545
553
552
547
552
545
494
427
520
550
557
552
556
555
545
538
442
451
536
558
551
548
552
545
547
551
465
466
537
557
551
553
562
557
538
501
462
497
545
556
555
541
554
551
540
516
454
516
545
556
548
553
561
558
533
457
429
514
548
556
553
545
547
547
548
451
456
536
544
550
551
545
555
551
496
387
457
536
548
555
553
555
540
545
509
394
502
544
556
547
553
551
548
542
446
407
511
553
552
550
554
555
541
548
434
436
533
558
563
550
558
557
542
503
451
484
530
556
552
548
557
552
547
515
453
510
543
560
555
553
550
550
537
465
473
530
545
553
554
546
555
551
548
465
458
537
547
555
554
558
549
551
497
424
470
540
557
549
554
550
550
545
525
415
476
544
550
549
552
556
550
541
445
381
503
551
560
550
553
554
542
550
454
428
522
552
554
548
559
560
550
497
409
459
533
558
554
550
543
551
537
526
443
503
545
554
554
549
557
557
543
456
431
514
540
558
555
555
545
550
550
468
462
536
554
549
554
555
554
550
516
468
469
538
552
550
553
558
552
538
542
443
484
546
557
551
552
559
547
548
485
419
502
547
558
547
555
556
553
539
468
416
514
551
557
550
541
557
550
525
411
421
521
546
555
546
553
555
549
530
392
469
536
558
554
555
545
552
545
452
404
507
548
549
550
551
542
551
551
465
422
518
549
552
551
557
554
539
523
442
464
536
558
555
550
554
546
544
548
456
482
538
553
549
551
559
556
542
482
432
506
547
557
552
539
556
547
541
503
458
526
540
554
549
551
560
559
531
427
445
522
550
556
554
547
550
547
538
421
472
543
550
551
554
555
557
549
475
369
469
542
551
555
552
558
541
548
484
392
510
554
559
547
554
552
549
535
429
410
523
554
549
550
555
555
545
552
451
478
538
554