404
422
425
421
416
416
413
388
282
368
415
416
417
417
423
423
415
317
284
379
416
427
422
422
421
405
407
330
322
404
423
421
410
417
425
419
387
330
336
398
424
425
422
426
423
409
392
297
368
418
426
424
411
416
419
414
342
260
373
402
419
422
422
424
420
414
290
257
389
420
426
423
414
414
413
384
255
288
397
412
413
415
420
424
419
389
219
329
404
425
424
423
421
407
405
303
267
375
416
422
410
410
424
421
413
327
284
381
410
429
423
422
422
410
365
292
336
404
424
426
409
411
421
413
403
318
365
402
419
422
419
427
424
412
324
299
373
418
426
424
417
409
409
417
342
301
397
410
414
415
420
424
420
396
276
296
395
423
425
421
422
407
405
397
266
334
408
426
412
414
425
422
417
324
221
341
399
424
420
420
425
412
404
279
240
382
420
426
412
412
416
419
387
272
303
388
414
420
422
420
421
416
390
283
346
409
424
425
418
409
413
414
347
300
384
416
417
417
420
427
417
417
332
302
390
422
426
424
423
415
411
393
318
329
407
424
417
414
417
420
419
402
286
333
400
422
423
424
429
417
406
322
247
357
412
426
417
416
419
419
419
313
257
372
410
422
424
423
424
419
375
237
250
388
420
427
423
416
415
413
409
256
327
401
415
420
422
423
422
416
322
247
358
411
425
425
420
415
414
414
342
277
388
420
420
419
418
425
419
392
305
318
397
420
426
421
422
417
411
404
306
353
412
428
424
416
418
422
413
348
300
367
411
420
424
419
421
420
410
340
259
382
418
425
424
413
417
417
393
282
278
392
412
421
419
422
424
415
407
242
303
397
421
425
424
415
416
411
341
210
336
407
420
417
415
424
420
417
325
236
373
408
425
421
420
424
408
388
272
286
395
421
425
415
415
418
416
417
297
340
404
420
425
426
425
422
408
344
307
375
414
425
424
414
419
415
414
361
315
393
411
422
416
421
423
421
398
307
326
398
422
427
424
416
416
409
413
306
329
405
415
419
417
425
422
418
355
253
339
403
424
425
422
425
414
409
343
225
366
412
425
415
414
422
418
395
281
260
380
411
424
421
425
421
416
409
268
318
401
423
426
416
415
420
415
348
290
357
405
419
421
420
423
420
414
354
286
382
418
429
422
422
415
416
406
319
307
400
418
417
416
421
425
417
416
308
333
403
425
427
421
427
414
414
360
300
363
413
428
417
415
418
419
413
355
275
369
409
425
421
420
426
416
399
292
256
386
417
426
419
414
415
416
418
275
300
392
414
421
422
424
424
418
338
228
332
405
423
425
417
411
412
415
346
244
366
412
419
416
423
425
421
408
283
259
382
416
425
421
421
411
408
416
313
327
405
422
416
415
420
422
419
358
299
343
401
425
425
421
424
420
407
372
317
387
417
427
420
413
421
423
400
320
291
385
410
425
423
421
424
419
406
311
281
395
424
425
423
415
416
416
367
255
322
403
413
417
420
425
421
416
367
203
353
409
424
420
424
419
413
404
280
219
378
414
418
415
418
425
417
415
249
287
388
416
424
418
424
423
404
345
272
338
407
427
423
414
416
417
410
380
285
364
402
418
420
425
427
420
402
313
290
389
418
425
424
410
410
413
415
326
328
402
416
418
423
425
423
417
373
289
330
405
423
425
420
418
412
410
380
276
364
415
420
414
418
426
424
413
297
222
368
410
425
425
423
422
411
410
284
269
390
418
427
409
415
425
416
361
229
304
390
415
423
421
424
422
411
358
253
356
411
425
421
412
416
419
410
306
279
386
410
416
419
422
423
416
416
295
302
398
423
427
422
418
411
411
370
306
353
413
420
417
416
423
419
415
393
297
365
409
427
426
424
425
410
401
336
284
388
417
426
415
416
420
418
417
316
278
385
410
421
422
424
423
413
356
249
310
400
424
425
414
411
415
415
373
232
332
397
415
417
419
427
424
415
285
194
356
412
426
422
419
414
412
413
281
267
390
418
417
414
423
425
418
366
277
316
399
420
425
419
420
412
405
390
294
369
413
429
415
410
423
420
413
339
307
380
412
425
425
422
424
418
407
332
318
402
423
429
417
409
416
417
383
309
323
397
416
419
422
426
421
418
381
256
347
409
424
424
421
410
414
410
310
237
369
414
415
414
419
425
420
416
280
235
376
415
425
422
425
419
409
364
230
286
394
418
417
414
418
419
414
390
259
336
400
423
424
423
424
421
400
315
271
375
414
426
422
408
411
416
416
319
309
396
411
420
419
422
423
417
369
420
327
406
426
426
424
415