264
319
331
333
330
330
330
327
287
183
282
322
331
333
331
330
329
319
215
166
292
325
331
333
330
330
330
325
190
206
307
329
331
329
330
330
328
285
178
253
316
330
335
331
332
330
325
300
210
285
325
330
331
328
329
330
323
248
212
302
328
333
331
329
329
329
326
254
235
312
329
330
330
330
330
326
298
237
269
320
330
335
329
330
330
328
312
221
280
324
331
330
329
330
331
326
256
187
286
327
333
335
330
329
330
325
238
188
301
327
330
330
331
329
327
304
179
209
308
327
334
333
332
330
329
315
177
254
319
330
330
330
327
329
327
247
185
282
321
333
334
330
330
329
327
256
216
304
326
333
330
328
327
330
311
233
240
312
329
333
333
329
327
329
321
235
272
321
331
335
332
329
328
325
277
226
287
323
330
333
328
329
330
328
288
209
297
327
334
332
330
328
330
313
218
198
305
329
333
333
330
329
328
325
206
228
310
328
333
329
330
330
328
277
167
256
318
329
332
333
330
332
329
269
158
282
321
331
332
329
331
330
321
216
207
305
326
333
331
329
330
331
324
228
241
313
330
331
333
327
330
330
289
224
268
320
330
334
330
329
329
327
301
227
295
323
331
331
332
330
330
324
253
231
303
328
333
331
329
329
328
327
253
232
314
330
334
331
330
329
328
296
209
243
313
330
333
331
330
331
330
308
179
268
319
334
334
329
329
330
325
235
161
286
324
332
335
330
330
330
326
211
197
301
328
333
330
329
326
330
298
194
235
312
330
334
331
330
329
328
314
217
278
320
330
332
329
328
330
325
260
221
297
328
333
331
329
330
328
330
267
240
311
327
333
330
330
325
325
307
239
244
314
328
332
330
330
330
327
322
222
256
321
328
334
330
327
330
326
270
181
278
321
332
335
331
329
329
326
257
167
292
321
331
332
327
329
327
313
197
178
302
325
334
332
330
330
328
319
180
233
312
329
333
330
330
331
329
270
197
277
320
330
333
330
331
330
325
282
215
299
323
333
332
326
328
329
317
239
227
308
327
331
333
325
329
330
325
241
262
317
332
331
331
326
330
327
279
224
277
319
330
334
328
328
330
327
289
184
284
323
332
331
327
326
328
320
220
176
293
324
331
331
329
328
327
323
206
197
305
327
331
331
328
330
325
283
156
226
312
329
332
329
329
330
326
290
155
274
319
330
333
329
329
329
321
221
189
292
324
331
332
325
329
329
326
245
221
308
324
334
330
325
326
327
289
213
250
315
330
336
331
326
328
328
313
238
280
320
329
330
329
330
327
324
265
207
296
325
330
334
329
327
326
326
256
210
305
328
333
327
327
327
327
302
195
218
307
328
334
330
330
330
324
310
172
241
313
328
334
326
326
328
325
240
136
262
317
329
333
329
329
330
327
222
180
295
324
331
332
331
329
326
302
203
222
310
326
333
332
327
330
329
320
214
255
317
329
330
329
326
329
326
270
216
287
321
331
332
328
326
329
327
279
223
300
323
330
330
325
330
328
313
253
228
310
327
332
331
328
329
329
324
218
242
313
327
330
330
328
329
325
274
171
255
316
330
335
329
327
330
325
270
155
276
320
331
331
327
326
326
315
199
150
288
323
333
333
329
326
328
326
190
215
305
326
330
330
325
330
326
277
183
258
316
330
335
333
329
331
326
295
194
282
321
331
330
325
326
330
321
239
209
300
324
331
333
326
329
329
323
250
247
313
328
331
330
324
325
328
289
219
258
316
328
333
331
328
330
327
304
194
262
317
332
330
325
324
326
322
231
155
280
319
331
332
326
329
328
324
208
149
287
320
330
328
326
328
319
285
153
191
305
327
333
322
319
328
326
311
167
251
306
319
329
326
330
330
317
237
176
284
321
331
334
319
318
319
323
254
210
300
313
320
320
323
328
330
294
208
227
308
329
333
332
323
316
318
319
230
269
319
322
320
317
324
327
324
263
180
271
311
329
333
329
330
318
316
253
177
288
325
331
316
313
320
325
304
200
174
286
314
331
332
328
330
323
311
159
212
309
327
332
318
316
318
322
254
140
255
305
317
322
328
328
329
325
242
159
273
317
331
333
326
310
316
306
207
214
305
324
320
319
326
330
328
328
217
234
300
324
332
326
327
314
315
263
220
273
319
332
319
319
321
330
328
292
216
275
309
324
329
327
325
325
302
236
203
302
327
334
323
314
318
325
327
220
201
291
313
321
329
327
330
325
265
158
213
310
331
335
329
313
315
319
282
126
251
313
316
320
325
326
330
316
195
120
264
316
329