240
255
219
126
123
237
259
258
265
256
260
260
256
96
121
234
251
264
259
253
246
253
156
32
164
245
262
259
257
258
258
256
161
72
196
246
255
257
255
255
254
214
120
117
229
258
266
262
250
261
257
258
165
175
239
253
262
257
250
257
259
193
159
209
250
262
269
264
248
261
260
227
152
225
254
248
260
250
253
259
248
169
135
239
258
266
268
260
255
256
261
168
181
250
260
252
253
250
252
255
197
85
147
239
257
265
263
260
263
251
219
62
178
243
259
259
245
251
250
244
133
47
201
241
263
263
259
262
260
242
135
121
229
256
264
261
241
251
255
204
110
164
243
250
264
260
255
264
265
238
129
204
247
257
265
258
244
247
252
173
121
224
256
258
263
259
257
264
262
203
136
233
251
256
261
255
259
245
227
145
144
243
261
269
253
256
257
259
249
129
170
235
259
259
260
256
258
249
169
88
193
249
265
270
248
255
259
254
176
85
221
242
257
259
247
256
255
223
100
121
231
258
269
270
258
249
259
236
119
165
243
252
253
258
243
255
256
184
110
199
251
258
269
263
261
249
255
208
122
223
254
262
248
252
251
253
235
155
152
228
259
263
265
260
265
256
252
181
164
242
259
264
250
243
254
251
203
125
187
239
256
266
257
259
265
265
204
105
206
248
260
262
251
238
255
240
131
72
219
251
257
268
252
259
263
263
119
104
230
249
261
260
250
244
251
196
96
167
246
265
259
260
254
259
260
236
119
186
247
253
260
259
254
255
236
159
108
220
255
267
262
251
259
256
255
168
157
228
250
259
251
251
259
259
190
147
172
242
260
268
265
246
260
256
246
158
193
249
244
260
252
251
257
251
171
95
208
248
264
269
262
253
256
261
164
91
222
252
248
253
245
249
259
209
101
100
231
254
263
266
260
263
246
248
104
169
244
255
258
242
250
249
255
171
114
200
244
263
263
263
259
260
246
182
126
215
252
262
262
235
250
254
219
154
136
236
247
266
264
254
262
262
250
143
181
241
256
264
257
247
242
256
178
134
195
250
254
262
261
253
264
264
210
93
206
246
254
260
253
256
243
234
127
67
217
257
267
255
257
255
259
258
102
93
213
252
253
257
253
259
248
178
76
152
242
263
270
255
256
261
256
215
107
204
236
257
257
247
253
257
236
133
118
223
253
267
270
256
249
260
256
165
157
241
251
252
257
245
255
258
208
140
173
245
254
270
263
261
251
259
238
159
213
255
262
249
252
248
254
247
179
113
209
255
259
265
259
264
261
251
167
97
222
254
263
248
242
256
250
208
110
117
222
253
265
260
260
263
264
234
87
155
237
256
264
254
233
254
246
153
81
205
250
254
265
253
257
263
260
158
112
228
247
263
260
253
242
249
211
118
124
235
260
256
266
255
258
260
251
145
169
244
252
259
258
252
255
239
185
132
209
254
263
266
252
262
257
260
209
136
218
243
259
252
251
254
256
215
142
109
229
259
270
267
247
260
257
250
125
127
233
240
259
250
246
257
256
171
60
165
237
260
269
261
251
255
258
184
56
202
247
248
254
251
248
257
235
125
82
220
251
262
265
257
262
247
255
150
152
242
259
259
243
245
246
255
202
134
187
240
263
263
264
261
264
250
231
153
210
251
261
264
241
250
251
238
176
155
237
245
263
264
257
262
265
262
180
151
234
253
262
260
246
244
256
208
115
156
245
257
263
262
256
262
262
236
83
164
238
251
262
253
252
242
249
149
37
186
248
263
257
259
256
261
254
124
69
205
251
252
257
252
257
248
202
127
149
240
262
270
257
254
258
254
252
150
199
235
254
258
250
251
257
254
168
140
210
253
266
270
257
248
261
258
206
148
232
248
250
259
241
256
257
233
154
155
241
255
266
268
260
251
257
250
140
164
241
259
245
255
247
254
255
189
86
170
244
258
265
262
264
257
250
186
65
195
247
261
251
243
252
248
226
107
59
207
250
263
262
259
265
263
236
88
135
232
254
261
256
233
254
250
175
125
188
249
252
266
256
259
265
262
214
113
211
243
259
260
254
242
251
233
162
135
234
260
255
265
253
258
261
264
183
149
242
253
257
258
254
255
240
207
147
175
248
264
266
255
260
255
260
244
123
189
240
254
253
251
255
257
235
154
84
204
253
266
269
246
258
257
257
147
88
223
238
257
253
249
257
256
202
54
84
220
256
265
265
250
253
258
227
107
188
249
246
256
250
246
256
254
168
87
209
250
260
266
259
261
247
256
177
126
230
257
256
247
255
249
253
224