193
131
148
201
210
211
213
210
211
212
196
124
168
210
219
220
217
216
215
214
149
81
177
209
217
218
215
215
215
211
130
86
190
213
220
220
218
216
213
200
95
103
194
207
214
213
207
209
208
197
89
146
203
210
216
212
209
209
209
159
98
173
203
211
215
211
207
205
205
150
112
190
209
215
215
209
209
210
202
136
140
199
210
214
214
210
209
210
200
138
160
209
218
219
219
218
216
215
174
106
170
207
215
217
217
217
215
213
159
82
183
212
215
217
210
208
210
207
105
93
189
207
209
212
206
208
209
205
99
119
199
210
216
216
209
207
209
177
88
153
203
210
212
210
207
212
210
168
101
179
209
213
216
210
207
210
207
134
121
194
211
212
213
206
210
214
208
142
148
205
216
218
220
215
215
216
189
137
170
209
216
219
218
213
213
213
187
119
178
212
216
220
218
211
210
212
145
88
183
207
211
214
210
209
210
204
126
92
192
208
210
215
208
209
211
192
94
126
196
207
215
213
206
211
209
188
93
162
205
210
215
211
209
209
212
137
97
180
207
210
215
210
209
213
206
143
126
200
217
219
220
216
215
215
203
135
146
204
216
218
218
215
214
214
196
126
173
210
217
221
218
214
215
211
168
117
184
206
210
216
209
208
210
209
152
94
189
209
214
217
212
208
208
199
107
93
191
205
213
213
206
210
211
198
88
125
196
210
216
216
207
208
210
145
68
155
202
210
215
210
209
211
210
130
80
184
210
218
219
217
216
217
208
124
122
200
215
218
219
214
215
215
207
128
155
207
215
220
218
215
215
215
177
125
176
208
213
216
212
209
210
210
171
126
189
209
212
215
212
208
211
206
150
117
193
206
214
215
208
210
210
207
119
127
199
210
217
215
208
210
209
179
85
132
198
207
214
211
209
213
212
163
47
160
208
219
220
217
214
216
210
117
78
184
210
217
219
215
215
215
212
114
112
197
216
220
220
215
215
215
189
117
149
204
210
215
210
209
210
210
193
123
171
207
211
217
212
207
207
207
150
119
189
208
212
212
205
209
210
209
160
125
194
209
215
216
208
210
210
193
116
134
201
211
213
214
205
210
211
195
90
153
207
216
220
219
218
215
211
140
61
167
208
217
219
215
215
216
212
122
73
184
214
218
219
216
215
215
199
90
111
194
210
215
215
210
209
210
198
113
159
205
210
217
210
205
208
210
166
108
176
203
210
215
210
209
210
206
158
108
189
209
214
218
206
206
210
201
129
121
197
206
213
212
207
211
211
203
117
137
205
216
219
217
215
215
211
168
71
156
206
214
218
218
216
215
212
159
69
174
210
213
217
210
207
210
205
100
63
180
205
213
214
208
211
213
202
90
107
191
208
215
215
207
207
208
170
94
157
201
210
216
210
208
211
211
177
113
183
205
212
217
211
210
209
208
135
120
196
209
214
215
207
209
211
209
141
146
207
215
219
220
215
215
214
189
117
153
206
215
220
217
215
215
212
186
93
165
209
215
215
211
208
210
210
138
72
172
204
211
215
208
210
211
204
107
75
189
208
216
214
208
208
210
183
74
110
190
206
214
212
210
209
211
178
85
155
202
211
217
212
206
210
213
150
100
183
205
209
215
210
210
213
208
141
116
197
216
220
220
217
213
213
195
131
141
207
216
217
216
215
216
214
203
138
162
208
212
218
213
208
209
206
158
91
170
207
213
213
206
208
212
208
143
71
171
199
210
216
209
206
210
189
80
70
185
206
214
216
197
204
210
194
79
115
195
200
207
211
207
209
210
151
58
143
202
217
220
216
209
212
205
155
100
186
213
211
211
209
215
215
207
121
97
186
203
213
214
209
209
200
193
128
143
202
210
211
203
197
205
209
178
121
155
196
200
213
210
208
212
201
175
87
174
208
215
218
197
197
203
207
126
79
182
194
204
212
205
210
210
202
87
69
191
216
220
218
208
206
205
172
61
118
199
206
213
209
216
215
216
174
50
152
196
211
216
209
208
196
197
123
83
180
206
211
202
199
207
211
206
124
100
185
198
213
215
208
210
200
179
107
148
202
210
215
201
198
201
211
192
112
175
192
202
211
211
209
210
207
139
88
177
212
217
219
212
204
207
209
136
89
192
207
212
210
214
215
213
190
77
83
184
206
215
214
210
198
202
185
69
140
201
211
205
200
200
206
211
138
45
149
194
208
216
211
210
205
198
123
73
184
206
214
206
202
199
209
199
104
113
183
199
206
215
210
212
215
183
100
141
201
212
216
209
194
200
207
168
118
184